16.22,3220.9734,2797.882952
16.21,4708.2885,1963.723088
16.22,3285.5457,1733.142313
16.23,-31.3176,1726.360525
16.24,-474.7139,1391.792342
16.25,515.3945,426.517919
16.26,1326.8529,-285.569769
16.27,1546.3987,-522.932332
16.28,1636.7999,-75.334356
16.29,1933.8324,941.93377
16.3,1981.1855,1929.814151
16.33,1352.6818,1859.73568
16.34,851.1704,801.776828
16.35,-610.3158,1204.162887
16.36,-2250.4519,507.89937
16.37,-3617.232,462.687453
16.38,-3991.7513,1418.919492
16.39,-4041.2567,-450.593265
16.4,-3522.526,-339.824069
16.41,-3010.2525,-1822.774938
16.42,-3552.6597,-753.513107
16.41,-4004.6658,-1069.996524
16.42,-3569.879,-703.779999
16.43,-1085.9983,607.365586
16.44,3707.418,792.734445
16.45,19943.0439,478.511624
16.46,35459.765,3150.535903
16.47,38526.9487,15877.69046
16.48,32495.8969,19548.8981
16.49,13606.3499,10278.19458
16.5,-14796.8477,-2779.006977
16.53,-33242.9983,-9144.844852
16.54,-26917.0664,-8007.765147
16.55,-17142.9742,-5016.996855
16.56,-15849.376,5467.646635
16.57,-4491.1103,9407.865178
16.58,9114.271,3428.58919
16.59,7876.6355,-11222.33243
16.6,-16486.4892,-25242.54781
16.61,-43228.0266,-24164.24359
16.62,-39773.4091,-12802.48892
16.61,-25261.8633,-6893.291399
16.62,-18946.6935,12721.89867
16.63,818.8842,11266.07496
16.64,34777.4511,15895.77523
16.65,55838.7794,5356.877439
16.66,63387.28,11885.47822
16.67,41114.1451,7027.457762
16.68,10666.1583,4850.503972
16.69,-6413.2121,1312.671487
16.7,-12767.1254,-8803.494881
16.73,-18251.4652,-4151.18865
16.74,-15309.1212,-3893.480724
16.75,-8324.5519,4147.458666
16.76,-1886.6947,12174.83448
16.77,8871.0487,7083.972658
16.78,23238.383,241.149061
16.79,17379.524,-6612.977516
16.8,4641.5638,-13661.51533
16.81,-20539.4766,-5114.202476
16.82,-46544.8898,-1280.231937
16.81,-25324.2832,2639.641243
16.82,-11439.0886,8311.476197
16.83,-2926.3085,6186.516111
16.84,-3621.5368,2788.840569
16.85,-8488.135,-129.588656
16.86,-9067.1332,-1088.081291
16.87,-5446.7802,-4512.883983
16.88,1406.4921,-2991.502985
16.89,11415.1969,-3353.198319
16.9,14676.0975,-3036.714902
16.93,15375.6306,-1372.916366
16.94,9706.1836,-1985.537838
16.95,7812.0632,-1800.16898
16.96,6329.0529,-2433.135814
16.97,2637.6704,-1235.02002
16.98,-3158.7688,453.645069
16.99,-9486.8531,-938.881966
17,-15175.6718,3821.932866
17.01,-11260.4386,7402.716671
17.02,-4151.0296,4927.36423
17.01,4344.5312,3550.661366
17.02,10227.0668,1.525902
17.03,19105.7565,-3253.732102
17.04,17099.7108,-2200.294443
17.05,5907.1806,-3276.338061
17.06,-3367.5525,-597.531994
17.07,-10192.8435,1932.074747
17.08,-11008.6067,2497.223706
17.09,-6090.3507,1000.709262
17.1,-1040.7977,2811.446527
17.13,3920.5065,3654.648774
17.14,4424.1704,6161.649557
17.15,2594.6222,6817.222349
17.16,-425.2085,3094.021007
17.17,-1484.1941,-1863.465663
17.18,-1058.017,-4167.01282
17.19,-98.0423,-4436.023725
17.2,1309.6336,-4273.260825
17.21,1462.4547,-1635.145483
17.22,1212.7752,-1097.123674
17.21,-756.6796,-1325.443854
17.22,-1828.5796,-4302.648571
17.23,-1966.3338,-4858.755146
17.24,-1312.0013,-3642.554586
17.25,-999.9019,-3913.826087
17.26,-1077.3886,-947.924349
17.27,-1951.267,1276.501954
17.28,-3531.1356,-111.50389
17.29,-4516.9392,3250.002119
17.3,-4508.3296,1859.73568
17.33,-3315.8947,2610.253498
17.34,-1701.5874,2971.948831
17.35,276.477,4827.898013
17.36,1365.5963,3204.790203
17.37,1660.4764,2874.74321
17.38,2880.8927,347.397065
17.39,4785.7752,379.045407
17.4,6509.8553,-552.320078
17.41,5571.4047,1717.318142
17.42,2613.9939,2420.363447
17.41,1619.5806,2142.310159
17.42,1852.0409,2420.363447
17.43,1449.5403,-1131.032612
17.44,465.8891,-1725.569317
17.45,-373.5507,-1775.302425
17.46,-1361.5067,-1560.545821
17.47,-1658.5392,-2383.402705
17.48,-1992.1627,-4327.515125
17.49,-782.5085,-5426.164701
17.5,2450.4108,-4372.727042
17.53,3756.9234,-3011.848348
17.54,1621.733,1278.76255
17.55,-2056.735,2956.124661
17.56,-5347.7694,3155.057094
17.57,-6098.9603,982.624495
17.58,-3727.0049,318.009319
17.59,-192.7483,245.670253
17.6,4000.1457,428.778515
17.61,5833.9987,-163.497594
17.62,2659.1945,266.015615
17.61,-2943.5278,-823.591578
17.62,-6527.2898,191.415952
17.63,-7818.7356,1488.997963
17.64,-5847.1284,-235.836661
17.65,-1897.4567,1547.773454
17.66,3223.1258,849.249341
17.67,9058.3083,1319.453275
17.68,8899.03,535.02652
17.69,3347.9656,950.976154
17.7,-1208.6856,973.582112
17.73,-3201.817,428.778515
17.74,-3313.7423,1213.205271
17.75,-2246.1471,1095.654287
17.76,-1137.6561,849.249341
17.77,-173.3766,-755.773703
17.78,1369.9011,-1815.99315
17.79,2704.3951,-2636.589439
17.8,2812.0156,-2455.741772
17.81,1533.4842,-1917.719963
17.82,151.6373,-651.786295
17.81,74.1505,-1698.442167
17.82,1176.1842,-1271.189554
17.83,2007.0144,-868.803495
17.84,1496.8933,-247.13964
17.85,-93.7374,2519.829664
17.86,-1139.8085,2752.671035
17.87,-1613.3386,1687.930396
17.88,-1458.3652,-744.470724
17.89,-1055.8645,-1110.687249
17.9,-674.888,-1006.699841
17.93,-216.4248,-590.750207
17.94,-175.529,614.147374
17.95,50.474,1592.985371
17.96,201.1427,799.516232
17.97,84.9126,1678.888013
17.98,-203.5103,1244.853612
17.99,-255.1682,-7.516481
18,353.9638,-88.897931
18.01,734.9403,-956.966733
18.02,547.6806,-39.164823
18.01,-560.8103,51.259011
18.02,-1228.0573,327.051703
18.03,-1593.967,-511.629353
18.04,-1342.135,-396.338965
18.05,-739.4603,-276.527386
18.06,-89.4326,-626.91974
18.07,93.5222,388.08779
18.08,-123.8712,46.737819
18.09,-259.473,-294.612152
18.1,-33.47,566.674861
18.13,310.9156,652.577503
18.14,476.6511,1158.950971
18.15,493.8704,1197.3811
18.16,474.4987,-251.660832
18.17,661.7583,-839.415749
18.18,1034.1252,-1540.200458
18.19,1417.2541,-2338.190789
18.2,1423.7114,-2369.83913
18.21,958.7909,-2069.179884
18.22,328.1348,-1490.46735
18.21,-278.8447,-959.227328
18.22,-390.77,173.331186
18.23,-364.9411,216.282507
18.24,-160.4621,1012.012241
18.25,22.4927,1348.841021
18.26,67.6933,2162.655522
18.27,104.2842,3295.214036
18.28,67.6933,1868.778063
18.29,110.7415,1638.197288
18.3,155.9421,89.68914
18.33,143.0276,-441.550882
18.34,59.0836,-1076.778312
18.35,-95.8898,-416.684328
18.36,-63.6037,324.791107
18.37,108.5891,532.765924
18.38,345.3541,817.600999
18.39,470.1939,89.68914
18.4,330.2873,-240.357852
18.41,123.6559,-1237.280616
18.42,-104.4995,-1081.299504
18.41,-57.1465,-470.938628
18.42,69.8457,-357.908836
18.43,201.1427,-231.315469
18.44,282.9342,-278.787982
18.45,211.9047,-785.161449
18.46,244.1909,-1110.687249
18.47,263.5626,-701.519403
18.48,237.7336,-696.998211
18.49,-16.2507,-351.127048
18.5,-399.3796,-321.739302
18.53,-702.8694,168.809994
18.54,-668.4308,397.130174
18.55,-487.6284,399.390769
18.56,-306.826,146.204036
18.57,-274.5398,828.903978
18.58,-377.8555,844.728149
18.59,-433.8182,634.492736
18.6,-255.1682,1204.162887
18.61,-22.7079,53.519606
18.62,175.3138,193.676548
18.61,108.5891,643.53512
18.62,44.0168,657.098695
18.63,22.4927,1122.781437
18.64,108.5891,412.954344
18.65,246.3433,-412.163136
18.66,274.3246,-1637.406079
18.67,194.6855,-1056.432949
18.68,46.1692,-622.398549
18.69,-16.2507,146.204036
18.7,-18.4031,421.996728
18.73,26.7975,277.318594
18.74,67.6933,148.464632
18.75,84.9126,-235.836661
18.76,196.8379,-296.872748
18.77,308.7632,-278.787982
18.78,310.9156,-534.235311
18.79,138.7228,-292.351557
18.8,-175.529,67.083181
18.81,-397.2272,225.32489
18.82,-479.0188,399.390769
18.81,-371.3983,557.632478
18.82,-291.7591,363.221236
18.83,-257.3206,460.426857
18.84,-278.8447,263.755019
18.85,-300.3688,175.591782
18.86,-268.0826,82.907352
18.87,-246.5585,-181.582361
18.88,-220.7296,-27.861844
18.89,-244.4061,211.761315
18.9,-246.5585,336.094086
18.93,-141.0905,324.791107
18.94,-57.1465,58.040798
18.95,9.5782,-375.993603
18.96,-29.1652,-348.866452
18.97,-119.5664,53.519606
18.98,-192.7483,340.615278
18.99,-197.0531,1014.272837
19,-117.4139,833.42517
19.01,-42.0796,313.488128
19.02,56.9312,-434.769094
19.01,166.7041,-816.809791
19.02,224.8192,-837.155153
19.03,285.0867,-816.809791
19.04,235.5812,-1535.679267
19.05,125.8083,-1644.187867
19.06,-9.7935,-1540.200458
19.07,-44.232,-1183.026316
19.08,7.4258,-326.260494
19.09,78.4553,639.013928
19.1,84.9126,679.704653
19.13,-37.7748,1326.235062
19.14,-57.1465,774.649678
19.15,-1.1838,-14.298269
19.16,183.9234,-48.207206
19.17,315.2204,-274.26679
19.18,306.6108,-95.679719
19.19,177.4662,449.123878
19.2,44.0168,494.335795
19.21,-20.5555,616.40797
19.22,-24.8603,207.240123
19.21,-52.8417,-100.20091
19.22,-117.4139,-147.673423
19.23,-222.882,6.047094
19.24,-321.8929,-68.552569
19.25,-386.4652,35.43484
19.26,-399.3796,435.560303
19.27,-367.0935,342.875874
19.28,-276.6923,401.651365
19.29,-117.4139,367.742428
19.3,48.3216,119.076886
19.33,181.771,146.204036
19.34,198.9903,-199.667127
19.35,147.3324,-461.896244
19.36,67.6933,-348.866452
19.37,16.0355,-249.400236
19.38,41.8644,58.040798
19.39,52.6264,383.566599
19.4,50.474,295.403361
19.41,16.0355,91.949736
19.42,5.2734,-416.684328
19.41,71.9981,-604.313782
19.42,127.9608,-531.974715
19.43,164.5517,-378.254198
19.44,160.2469,-140.891636
19.45,125.8083,236.627869
19.46,87.065,313.488128
19.47,93.5222,270.536807
19.48,99.9794,245.670253
19.49,71.9981,112.295098
19.5,31.1023,148.464632
19.53,-33.47,284.100382
19.54,-54.9941,256.973232
19.55,-76.5182,168.809994
19.56,-102.3471,-64.031377
19.57,-115.2615,-109.243294
19.58,-98.0423,-39.164823
19.59,-31.3176,-88.897931
19.6,50.474,-73.07376
19.61,123.6559,3.786498
19.62,166.7041,-116.025081
19.61,155.9421,-36.904227
19.62,121.5035,141.682844
19.63,63.3885,10.568286
19.64,-3.3362,-100.20091
19.65,-39.9272,-317.218111
19.66,-48.5368,-385.035986
19.67,-20.5555,-328.52109
19.68,16.0355,-240.357852
19.69,44.0168,-64.031377
19.7,44.0168,198.19774
19.73,13.883,62.56199
19.74,5.2734,-18.81946
19.75,9.5782,-165.75819
19.76,37.5595,-158.976402
19.77,56.9312,19.610669
19.78,61.2361,96.470927
19.79,39.712,284.100382
19.8,35.4071,356.439449
19.81,28.9499,225.32489
19.82,37.5595,191.415952
19.81,31.1023,157.507015
19.82,16.0355,216.282507
19.83,-7.6411,272.797403
19.84,-18.4031,236.627869
19.85,-7.6411,236.627869
19.86,16.0355,110.034502
19.87,35.4071,130.379865
19.88,31.1023,103.252715
19.89,7.4258,112.295098
19.9,-18.4031,114.555694
19.93,-31.3176,26.392456
19.94,-35.6224,-70.813165
19.95,-37.7748,-179.321765
19.96,-54.9941,-272.006194
19.97,-63.6037,-267.485002
19.98,-61.4513,-242.618448
19.99,-46.3844,-177.061169
20,-31.3176,-129.588656
20.01,-20.5555,-138.63104
