10,3415.025615,-37.277225,443.233818
10.01,3112.105773,396.757175,-59.964462
10.02,3363.031911,177.479379,154.360731
10.03,3306.517015,340.242279,-87.919922
10.04,3146.014711,593.429013,-62.294083
10.05,3659.169966,586.647226,-162.467815
10.06,3146.014711,464.57505,-223.037978
10.07,3613.958049,322.157513,-85.5903
10.08,3412.76502,602.471396,-348.837548
10.09,3419.546807,654.465101,-255.652681
10.1,3566.485536,835.312768,-160.138193
10.11,3141.493519,647.683313,-118.205003
10.12,3604.915666,525.611138,126.405271
10.13,3053.330282,837.573363,-232.356465
10.14,3315.559399,640.901526,70.494352
10.15,3089.499815,894.088259,-202.071383
10.16,3247.741523,826.270384,112.427541
10.17,3071.415048,882.78528,-209.060248
10.18,2990.033598,824.009788,-62.294083
10.19,3107.584582,661.246888,184.645813
10.2,3096.281602,857.918726,-190.423275
10.21,3356.250124,790.100851,135.723758
10.22,3254.523311,918.954814,-281.27852
10.23,3322.341186,423.884325,-59.964462
10.24,3378.856082,304.072746,-199.741761
10.25,3069.154452,347.024067,-362.815278
10.26,3277.129269,-177.434167,-292.926628
10.27,3170.881265,-139.004038,-635.381013
10.28,3329.122974,-618.250355,-29.67938
10.29,3410.504424,-491.656988,-316.222845
10.3,3259.044503,-679.286443,-62.294083
10.31,3442.152765,-1059.066543,-167.127058
10.32,3202.529607,-1061.327139,-295.25625
10.33,3243.220332,-1000.291052,-73.942192
10.34,3177.663053,-801.358618,-358.156035
10.35,3213.832586,-907.606622,37.879648
10.36,3080.457432,-627.292739,-202.071383
10.37,3109.845177,-783.273851,-32.009002
10.38,2874.74321,-715.455976,-127.52349
10.39,3114.366369,-403.493751,0.605702
10.4,2935.779298,-514.262947,110.09792
10.41,2906.391552,-313.069917,-50.645975
10.42,2906.391552,-385.408984,161.349596
10.43,2867.961423,-550.43248,-178.775166
10.44,3026.203131,-177.434167,-11.042407
10.45,3008.118365,-367.324217,-232.356465
10.46,3261.305098,-73.446759,138.05338
10.47,3127.929944,-265.597405,119.416406
10.48,3277.129269,-242.991446,51.857378
10.49,2865.700827,-87.010334,26.23154
10.5,2996.815386,-53.101396,-227.697221
10.51,2809.185931,120.964483,114.757163
10.52,2888.306785,-242.991446,177.656948
10.53,2965.167044,245.297254,317.434248
10.54,3069.154452,73.491971,366.356303
10.55,3139.232923,428.405517,163.679218
10.56,3170.881265,-41.798417,270.841815
10.57,3071.415048,-28.234842,238.227111
10.58,2935.779298,340.242279,289.478788
10.59,3048.80909,-48.580205,114.757163
10.6,2770.755802,378.672409,-108.886517
10.61,3161.838882,68.970779,-206.730626
10.62,3098.542198,584.38663,-430.374306
10.63,3216.093182,518.82935,-337.18944
10.64,3082.718027,200.085337,-686.632689
10.65,3019.421344,279.206192,-360.485656
10.66,3109.845177,491.7022,-824.080367
10.67,2996.815386,774.27668,-623.732904
10.68,2883.785594,315.375725,-940.56145
10.69,2725.543885,200.085337,-989.483505
10.7,2678.071373,62.188991,-623.732904
10.71,2752.671035,412.581346,-956.868802
10.72,2854.397848,349.284663,-346.507926
10.73,3019.421344,91.576737,-467.648253
10.74,3089.499815,143.570442,-127.52349
10.75,2822.749506,120.964483,-34.338623
10.76,2750.410439,408.060154,-29.67938
10.77,2650.944223,130.006867,228.908625
10.78,2664.507798,172.958187,89.131325
10.79,2913.17334,231.733679,347.71933
10.8,2757.192227,186.521762,289.478788
10.81,3130.19054,347.024067,447.893061
10.82,3035.245515,170.697592,261.523328
10.83,2892.827977,84.79495,40.20927
10.84,2881.524998,-168.391784,114.757163
10.85,2675.810777,-272.379192,-181.104788
10.86,2770.755802,-523.30533,-113.54576
10.87,2707.459119,-514.262947,-332.530196
10.88,3003.597173,-469.05103,-262.641546
10.89,3127.929944,-516.523543,-432.703928
10.9,3225.135565,-218.124892,-549.185011
10.91,3082.718027,-514.262947,-369.804143
10.92,2766.23461,-439.663284,-472.307496
10.93,2834.052485,-249.773234,12.25381
10.94,2544.696218,-202.300721,-55.305218
10.95,2870.222019,-66.664971,394.311763
10.96,2698.416735,96.097929,375.674789
10.97,2721.022694,227.212488,480.507764
10.98,2949.342873,120.964483,608.636956
10.99,2384.193914,172.958187,697.162579
11,1735.402909,265.642617,932.454367
11.01,1895.905213,-667.983464,1095.527884
11.02,1649.500267,-181.955359,508.463224
11.03,1565.858221,127.746271,1419.345295
11.04,1631.4155,159.394612,636.592416
11.05,3195.747819,1368.813385,892.850799
11.06,1418.919492,448.75088,128.734893
11.07,2648.683627,697.416422,578.351874
11.08,2088.055859,778.797872,-514.240686
11.09,2657.72601,1210.571676,-48.316353
11.1,2320.89723,862.439918,-828.739611
11.11,2614.774689,550.477692,305.78614
11.12,1993.110834,1102.063076,-262.641546
11.13,3528.055407,536.914117,-83.260678
11.14,3415.025615,206.867125,-733.225122
11.15,3028.463727,-301.766938,-402.418846
11.16,2506.266089,543.695905,200.953165
11.17,1923.032363,-1070.369523,550.396414
11.18,3247.741523,265.642617,-225.3676
11.19,2510.787281,-87.010334,-202.071383
11.2,3032.984919,-552.693076,-271.960033
11.21,3415.025615,48.625416,-546.855389
11.22,2786.579973,193.30355,-390.770738
11.23,2637.380648,182.000571,-560.833119
11.24,2381.933318,-91.531525,-101.897652
11.25,2318.636635,233.994275,-481.625983
11.26,2662.247202,-77.96795,-253.32306
11.27,2589.908135,281.466788,-768.169447
11.28,2311.854847,661.246888,-581.799714
11.29,2411.321064,100.619121,-758.850961
11.3,2189.782672,-326.633492,-549.185011
11.31,2388.715106,-591.123205,-530.548038
11.32,3100.802794,-319.851705,-674.984581
11.33,3769.939162,-215.864296,-241.674951
11.34,2542.435622,123.225079,-341.848683
11.35,3195.747819,93.837333,263.85295
11.36,1423.440683,315.375725,77.483217
11.37,2183.000884,227.212488,-309.23398
11.38,2024.759176,258.860829,-469.977874
11.39,2228.212801,238.515467,79.812838
11.4,2994.55479,844.355151,119.416406
11.41,3182.184244,1328.12266,412.948736
11.42,2836.313081,360.587642,287.149166
11.43,2725.543885,163.915804,161.349596
11.44,2151.352543,28.280054,-27.349758
11.45,1898.165809,35.061841,-209.060248
11.46,2368.369743,-588.862609,47.198135
11.47,2180.740289,-430.620901,-267.30079
11.48,3082.718027,-586.602014,-11.042407
11.49,3089.499815,-1050.02416,-206.730626
11.5,2960.645852,-943.776156,-239.34533
11.51,2506.266089,-1140.447994,-640.040256
11.52,2485.920727,-1061.327139,-532.877659
11.53,2115.183009,-1226.350635,-707.599284
11.54,2470.096556,-948.297347,-598.107066
11.55,2700.677331,-862.394706,-379.12263
11.56,2854.397848,-762.928489,-281.27852
11.57,2949.342873,-620.510951,-416.396576
11.58,2540.175027,-584.341418,-423.385441
11.59,2366.109147,-686.06823,-456.000144
11.6,2121.964797,-645.377505,-619.073661
11.61,2203.346247,-756.146701,-376.793008
11.62,2153.613139,-765.189085,-248.663816
11.63,2537.914431,-934.733772,-127.52349
11.64,2427.145235,-930.212581,-244.004573