0,93.5222,-59.510185
0.01,87.065,-93.419123
0.02,76.3029,-120.546273
0.03,54.7788,-116.025081
0.04,22.4927,-97.940315
0.05,-5.4886,-54.988994
0.06,-27.0127,-16.558865
0.07,-35.6224,8.30769
0.08,-57.1465,39.956031
0.09,-65.7561,44.477223
0.1,-54.9941,26.392456
0.13,-1.1838,15.089477
0.14,26.7975,-12.037673
0.15,65.5409,-50.467802
0.16,74.1505,-66.291973
0.17,76.3029,-66.291973
0.18,78.4553,-43.686015
0.19,93.5222,10.568286
0.2,119.3511,60.301394
0.21,127.9608,123.598077
0.22,121.5035,141.682844
0.21,117.1987,150.725227
0.22,132.2656,146.204036
0.23,164.5517,128.119269
0.24,181.771,121.337482
0.25,188.2282,100.992119
0.26,175.3138,103.252715
0.27,168.8565,121.337482
0.28,173.1614,157.507015
0.29,173.1614,182.373569
0.3,160.2469,134.901057
0.33,134.418,71.604373
0.34,121.5035,-66.291973
0.35,108.5891,-210.970106
0.36,99.9794,-321.739302
0.37,78.4553,-369.211815
0.38,78.4553,-342.084665
0.39,63.3885,-256.182023
0.4,52.6264,-95.679719
0.41,39.712,73.864969
0.42,31.1023,268.276211
0.41,26.7975,290.882169
0.42,31.1023,275.057998
0.43,39.712,220.803698
0.44,46.1692,157.507015
0.45,65.5409,110.034502
0.46,104.2842,121.337482
0.47,153.7897,159.767611
0.48,214.0571,207.240123
0.49,276.477,252.45204
0.5,330.2873,229.846082
0.53,362.5734,202.718932
0.54,375.4879,132.640461
0.55,407.774,98.731523
0.56,440.0602,82.907352
0.57,424.9933,94.210331
0.58,362.5734,114.555694
0.59,300.1535,198.19774
0.6,259.2577,365.481832
0.61,203.2951,541.808307
0.62,140.8752,792.734445
0.61,67.6933,840.206958
0.62,48.3216,815.340403
0.63,35.4071,749.783124
0.64,50.474,614.147374
0.65,97.827,618.668566
0.66,166.7041,643.53512
0.67,220.5144,797.255637
0.68,226.9716,1061.74535
0.69,233.4288,1278.76255
0.7,252.8005,1253.895996
0.73,287.2391,1201.902291
0.74,295.8487,718.134782
0.75,280.7818,277.318594
0.76,218.362,-32.383035
0.77,160.2469,-520.671736
0.78,134.418,-565.883653
0.79,138.7228,-518.41114
0.8,123.6559,-319.478707
0.81,93.5222,152.985823
0.82,74.1505,247.930848
0.81,87.065,211.761315
0.82,117.1987,94.210331
0.83,192.533,-197.406531
0.84,278.6294,-147.673423
0.85,336.7445,-97.940315
0.86,358.2686,254.712636
0.87,390.5547,555.371882
0.88,440.0602,1360.144
0.89,493.8704,1699.233375
0.9,519.6993,1932.074747
0.93,521.8517,1791.917805
0.94,524.0041,1278.76255
0.95,528.3089,1149.908587
0.96,545.5282,917.067216
0.97,560.5951,982.624495
0.98,562.7475,1459.610217
0.99,524.0041,1617.851925
1,461.5842,1545.512859
1.01,427.1457,1342.059233
1.02,422.8409,756.564912
1.01,427.1457,392.608982
1.02,414.2312,408.433153
1.03,394.8595,44.477223
1.04,379.7927,512.420561
1.05,373.3355,354.178853
1.06,377.6403,-256.182023
1.07,384.0975,-1069.996524
1.08,377.6403,-1553.764033
1.09,341.0493,-1348.049812
1.1,315.2204,-798.725024
1.13,343.2017,-525.192928
1.14,360.421,-127.32806
1.15,399.1644,410.693749
1.16,418.5361,1572.640009
1.17,435.7553,3157.31769
1.18,442.2126,3842.278228
1.19,474.4987,3638.824603
1.2,521.8517,2732.325673
1.21,547.6806,2108.401222
1.22,545.5282,1030.097008
1.21,556.2903,831.164574
1.22,582.1192,-149.934019
1.23,625.1674,-1481.424967
1.24,642.3867,-2684.061952
1.25,635.9294,-1976.495455
1.26,629.4722,-1196.589891
1.27,627.3198,182.373569
1.28,646.6915,792.734445
1.29,661.7583,1565.858221
1.3,670.368,1997.632026
1.33,648.8439,1683.409205
1.34,640.2342,1233.550633
1.35,644.5391,243.409657
1.36,635.9294,-23.340652
1.37,625.1674,-21.080056
1.38,627.3198,21.871265
1.39,633.777,281.839786
1.4,614.4053,446.863282
1.41,564.8999,736.219549
1.42,530.4614,1086.611904
1.41,463.7367,1572.640009
1.42,399.1644,1925.292959
1.43,300.1535,1968.24428
1.44,160.2469,1602.027754
1.45,16.0355,1016.533433
1.46,-143.2429,917.067216
1.47,-285.3019,960.018537
1.48,-414.4465,955.497345
1.49,-610.3158,1206.423483
1.5,-866.4525,1075.308925
1.53,-1094.6079,1186.078121
1.54,-1066.6266,1434.743663
1.55,-868.6049,1685.6698
1.56,-468.2567,1798.699592
1.57,-16.2507,1595.245967
1.58,341.0493,1396.313533
1.59,427.1457,1238.071825
1.6,308.7632,1115.99965
1.61,270.0198,1041.399987
1.62,388.4023,684.225845
1.61,683.2824,152.985823
1.62,741.3975,-400.860157
1.63,715.5686,-823.591578
1.64,661.7583,-986.354478
1.65,683.2824,-561.362461
1.66,838.2559,26.392456
1.67,1092.2403,788.213253
1.68,1387.1204,1511.603921
1.69,1511.9602,1927.553555
1.7,1561.4656,2115.183009
1.73,1518.4174,2049.62573
1.74,1533.4842,1753.487676
1.75,1593.7517,1129.563225
1.76,1675.5433,1066.266541
1.77,1791.7734,1314.932083
1.78,1966.1186,1758.008867
1.79,2209.3409,2497.223706
1.8,2463.3252,2325.418422
1.81,2542.9644,1975.026067
1.82,2316.9614,1333.01685
1.81,1699.2198,1172.514546
1.82,1380.6632,1669.84563
1.83,965.2481,2682.592564
1.84,655.3011,3376.595486
1.85,468.0415,3444.413361
1.86,334.5921,2741.368056
1.87,130.1132,1183.817525
1.88,-134.6332,134.901057
1.89,-268.0826,-489.023394
1.9,-339.1121,-321.739302
1.93,-543.5911,134.901057
1.94,-550.0483,559.893074
1.95,-382.1603,761.086103
1.96,239.8861,937.412579
1.97,732.7879,666.141078
1.98,1047.0397,498.856986
1.99,1449.5403,372.263619
2,1802.5355,254.712636
2.01,1991.9475,469.46924
2.02,1740.1156,923.849004
2.01,1892.9367,1249.374804
2.02,2172.7499,1595.245967
2.03,2532.2023,1455.089025
2.04,2381.5336,1208.684079
2.05,1955.3565,1267.459571
2.06,1826.212,1771.572442
2.07,2114.6348,2492.702514
2.08,2620.4511,3410.504424
2.09,2885.1975,3901.05372
2.1,2644.1276,3548.40077
2.13,1380.6632,3297.474632
2.14,793.0553,2619.295881
2.15,478.8035,2088.055859
2.16,752.1595,1746.705888
2.17,1262.2806,1425.701279
2.18,1600.2089,1479.955579
2.19,1094.3927,1592.985371
2.2,-98.0423,1710.536355
2.21,-1107.5224,1694.712184
2.22,-999.9019,1364.665192
2.21,-20.5555,1079.830116
2.22,336.7445,831.164574
2.23,681.13,761.086103
2.24,840.4083,1014.272837
2.25,892.0662,1520.646304
2.26,1010.4487,1902.687001
2.27,1750.8776,2334.460806
2.28,2738.8336,2418.102851
2.29,3446.9764,2307.333655
2.3,3474.9577,2038.322751
2.33,2187.8168,1965.983684
2.34,1731.5059,1837.129721
2.35,2067.2818,1963.723088
2.36,3141.3342,2205.606843
2.37,3393.1662,2404.539276
2.38,2256.6939,2409.060468
2.39,1085.783,2214.649226
2.4,765.074,1880.081042
2.41,1202.0132,1769.311846
2.42,1363.4439,1884.602234
2.41,1217.08,2036.062155
2.42,1236.4517,2216.909822
2.43,1854.1933,2314.115443
2.44,2553.7264,2375.151531
2.45,2704.3951,2472.357152
2.46,3182.23,2592.168731
2.47,4079.7848,2580.865752
2.48,5246.3909,2479.138939
2.49,4738.4222,2345.763785
2.5,3145.6391,2180.740289
2.53,1824.0595,2212.38863
2.54,1976.8806,2228.212801
2.55,2118.9397,2135.528372
2.56,1378.5108,2020.237984
2.57,625.1674,1839.390317
2.58,99.9794,1678.888013
2.59,-203.5103,1724.09993
2.6,-556.5055,1800.960188
2.61,-52.8417,2015.716793
2.62,412.0788,2302.812464
2.61,399.1644,2492.702514
2.62,1548.5511,2743.628652
2.63,5442.2602,2931.258106
2.64,7880.9403,3116.626965
2.65,7431.0867,3250.002119
2.66,3683.7415,3295.214036
2.67,874.8469,3207.050798
2.68,-823.4043,3141.493519
2.69,870.5421,2987.773002
2.7,3823.6481,2917.694531
2.73,4359.5981,2861.179635
2.74,3203.7541,2748.149844
2.75,2385.8385,2671.289585
2.76,2857.2162,2542.435622
2.77,3929.1162,2429.405831
2.78,3580.4258,2379.672722
2.79,2415.9722,2311.854847
2.8,1397.8824,2323.157826
2.81,1225.6897,2395.496893
2.82,2379.3812,2483.660131
2.81,3944.183,2555.999197
2.82,4764.2511,2705.198523
2.83,4579.1439,2777.537589
2.84,2880.8927,2854.397848
2.85,1697.0674,2847.61606
2.86,1901.5463,2818.228315
2.87,2913.1788,2831.79189
2.88,2936.8553,2897.349169
2.89,2594.6222,2928.997511
2.9,2170.5975,2971.948831
2.93,2392.2957,2992.294194
2.94,2747.4433,2987.773002
2.95,3692.3511,3008.118365
2.96,3823.6481,3112.105773
2.97,2792.6439,3103.06339
2.98,1507.6553,3166.360073
2.99,1471.0644,3259.044503
3,3399.6234,3306.517015
3.01,5750.0547,3385.63787
3.02,6976.9282,3419.546807
3.01,5965.2957,3381.116678
3.02,5115.0939,3292.95344
3.03,3832.2577,3191.226628
3.04,3218.821,3042.027302
3.05,3584.7306,3032.984919
3.06,4135.7475,2958.385256
3.07,3832.2577,2861.179635
3.08,2880.8927,2734.586269
3.09,2558.0312,2657.72601
3.1,3003.58,2551.478006
3.13,3806.4288,2589.908135
3.14,3683.7415,2664.507798
3.15,2932.5505,2759.452823
3.16,2226.5602,2917.694531
3.17,1841.2788,3069.154452
3.18,2237.3222,3329.122974
3.19,3074.6095,3496.407065
3.2,3767.6855,3672.733541
3.21,4146.5095,3742.812012
3.22,3888.2204,3812.890483
3.21,3722.4848,3808.369291
3.22,3886.068,3914.617295
3.23,4196.015,3817.411674
3.24,4137.8999,3769.939162
3.25,3976.4692,3629.78222
3.26,3972.1644,3442.152765
3.27,4312.2451,3446.673957
3.28,4822.3662,3344.947144
3.29,5033.3023,3424.067999
3.3,4747.0318,3301.995824
3.33,3724.6373,3234.177948
3.34,3578.2734,3211.57199
3.35,3924.8114,3186.705436
3.36,5009.6258,3125.669348
3.37,5861.98,3062.372665
3.38,5928.7047,2958.385256
3.39,4865.4144,2888.306785
3.4,3558.9017,2886.04619
3.41,2805.5583,2996.815386
3.42,3124.115,3082.718027
3.41,4523.1812,3134.711732
3.42,4770.7083,3227.396161
3.43,4512.4192,3281.650461
3.44,4090.5469,3451.195149
3.45,3765.533,3677.254732
3.46,3963.5547,3790.284524
3.47,4251.9776,3975.653383
3.48,4228.3011,4011.822916
3.49,4114.2234,4072.859004
3.5,3774.1427,4138.416283
3.53,3446.9764,4213.015946
3.54,3429.7571,4215.276542
3.55,3853.7818,4213.015946
3.56,4200.3198,4199.452371
3.57,4165.8812,4138.416283
3.58,3946.3355,4151.979858
3.59,4041.0415,4045.731854
3.6,4671.6975,3910.096104
3.61,5181.8186,3684.03652
3.62,5287.2867,3577.788516
3.61,5136.618,3482.84349
3.62,5097.8746,3609.436857
3.63,5121.5511,3539.358386
3.64,5039.7595,3478.322299
3.65,5115.0939,3394.680253
3.66,5405.6692,3216.093182
3.67,5573.5571,3412.76502
3.68,5762.9692,3326.862378
3.69,5453.0222,3600.394474
3.7,5022.5403,3751.854395
3.73,4456.4565,3810.629887
3.74,4499.5047,4043.471258
3.75,4766.4035,4005.041129
3.76,4955.8156,4032.168279
3.77,4564.077,4059.295429
3.78,4053.9559,3896.532529
3.79,3851.6294,4104.507346
3.8,4226.1487,4235.621904
3.81,4854.6523,4484.287446
3.82,4947.2059,4741.995371
3.81,4290.721,4721.650009
3.82,3892.5252,4735.213584
3.83,3707.418,4687.741071
3.84,4264.8921,4579.232471
3.85,5190.4282,4649.310942
3.86,5821.0842,4504.632809
3.87,5758.6644,4482.02685
3.88,5022.5403,4317.003354
3.89,4389.7318,4079.640791
3.9,4303.6355,4020.8653
3.93,5717.7686,3925.920274
3.94,6318.2909,3959.829212
3.95,6606.7138,4009.56232
3.96,5855.5228,3982.43517
3.97,5179.6662,4170.064625
3.98,5102.1794,4181.367604
3.99,5653.1963,4213.015946
4,6107.3547,4274.052033
4.01,6016.9535,4217.537137
4.02,5349.7065,4346.3911
4.01,4389.7318,4382.560633
4.02,4335.9216,4579.232471
4.03,4725.5077,4859.546355
4.04,5418.5836,4922.843038
4.05,5795.2553,4977.097338
4.06,5635.977,4927.36423
4.07,5059.1312,4979.357934
4.08,4426.3228,4920.582443
4.09,4396.1891,5108.211897
4.1,4858.9571,5020.048659
4.13,5143.0752,5047.175809
4.14,4975.1873,5031.351639
4.15,4772.8608,4895.715888
4.16,5024.6927,5011.006276
4.17,5207.6475,5094.648322
4.18,5354.0114,5085.605939
4.19,5149.5324,5042.654618
4.2,5138.7704,4845.98278
4.21,5207.6475,4809.813247
4.22,5633.8246,4780.425501
4.21,5935.162,4714.868221
4.22,5971.7529,4796.249672
4.23,5625.215,4771.383117
4.24,5616.6053,4780.425501
4.25,5780.1885,4735.213584
4.26,6445.283,4638.007963
4.27,6877.9174,4730.692392
4.28,6884.3746,4947.709593
4.29,6311.8336,4990.660913
4.3,5851.218,5329.750289
4.33,5881.3517,5354.616843
4.34,6113.812,5467.646635
4.35,6249.4138,5650.754898
4.36,6339.815,5750.221115
4.37,6214.9752,5827.081373
4.38,6238.6517,5759.263498
4.39,6006.1915,5643.97311
4.4,5866.2848,5738.918135
4.41,5762.9692,5747.960519
4.42,5745.7499,5808.996606
4.41,5737.1403,5838.384352
4.42,5724.2258,5614.585364
4.43,5790.9505,5836.123756
4.44,5836.1511,5598.761193
4.45,5831.8463,5578.415831
4.46,6038.4776,5451.822464
4.47,6214.9752,5322.968501
4.48,6324.7481,5404.349952
4.49,6344.1198,5352.356247
4.5,6546.4463,5650.754898
4.53,6953.2517,5573.894639
4.54,7017.824,5693.706219
4.55,6955.4041,5515.119148
4.56,6748.7728,5433.737697
4.57,6641.1523,5420.174122
4.58,6856.3933,5454.08306
4.59,7224.4553,5662.057877
4.6,7657.0897,5747.960519
4.61,7734.5764,5924.286994
4.62,7463.3728,5942.371761
4.61,6946.7945,5813.517798
4.62,6774.6017,6039.577382
4.63,6985.5379,6152.607173
4.64,7217.9981,6396.751524
4.65,7347.1427,6451.005824
4.66,7304.0945,6385.448545
4.67,7269.6559,6374.145565
4.68,7129.7493,6236.249219
4.69,7093.1583,6421.618078
4.7,7123.2921,6462.308803
4.73,6948.9469,6491.696549
4.74,6729.4011,6310.848882
4.75,6604.5614,6213.643261
4.76,6660.524,6288.242924
4.77,6778.9065,6102.874065
4.78,7058.7198,6435.181653
4.79,7233.065,6007.92904
4.8,7515.0306,6055.401552
4.81,7575.2981,5827.081373
4.82,7441.8487,6041.837977
4.81,7116.8348,5994.365465
4.82,7052.2626,6387.70914
4.83,7471.9824,6473.611782
4.84,7986.4083,6656.720045
4.85,8515.9011,6469.090591
4.86,8584.7782,6518.823699
4.87,8487.9198,6640.895874
4.88,8184.43,6523.344891
4.89,8309.2698,6905.385587
4.9,8315.727,6722.277324
4.93,8494.377,6769.749837
4.94,8524.5108,6801.398179
4.95,8546.0348,6817.222349
4.96,8462.0909,7083.972658
4.97,8449.1764,7190.220662
4.98,8685.9415,7163.093512
4.99,8629.9788,7178.917683
5,8264.0692,7090.754446
5.01,7803.4535,7047.803125
5.02,7697.9855,6889.561416
5.01,8087.5716,6842.088904
5.02,8373.8421,6846.610095
5.03,8386.7565,6821.743541
5.04,8201.6493,6790.095199
5.05,7878.7879,6851.131287
5.06,7932.5981,6720.016728
5.07,8165.0583,6808.179966
5.08,8419.0427,6625.071703
5.09,8515.9011,6835.307116
5.1,8571.8638,6774.271028
5.13,8774.1903,6762.968049
5.14,8933.4686,6934.773333
5.15,9230.5011,6758.446858
5.16,9305.8355,7199.263046
5.17,9299.3782,7314.553433
5.18,9155.1668,7527.049442
5.19,9060.4608,7771.193792
5.2,9252.0252,7542.873613
5.21,9654.5258,7719.200088
5.22,10001.0638,7325.856413
5.21,9785.8228,7554.176592
5.22,9671.7451,7651.382213
5.23,9602.868,7660.424596
5.24,9701.8788,7735.024259
5.25,9755.6891,7673.988171
5.26,9600.7156,7599.388509
5.27,9374.7126,7705.636513
5.28,9314.4451,7463.752759
5.29,9370.4077,7723.72128
5.3,9379.0174,7603.9097
5.33,9331.6644,7900.047755
5.34,9385.4746,7689.812342
5.35,9198.215,7895.526563
5.36,9206.8246,7782.496772
5.37,9310.1403,7452.449779
5.38,9501.7047,7429.843821
5.39,9626.5445,7176.657087
5.4,9475.8758,7529.310038
5.41,9290.7686,7572.261359
5.42,9269.2445,7825.448092
5.41,9701.8788,8019.859334
5.42,9951.5583,7936.217288
5.43,10233.524,8022.11993
5.44,10379.8879,8049.24708
5.45,10397.1071,7888.744776
5.46,10239.9812,8033.422909
5.47,10336.8397,7927.174905
5.48,10500.4228,8123.846743
5.49,10498.2704,8334.082156
5.5,10438.0029,8616.656635
5.53,10655.3963,8404.160627
5.54,10743.6451,8139.670914
5.55,10928.7523,7985.950397
5.56,10806.065,8058.289464
5.57,10618.8053,7891.005372
5.58,10564.9951,8108.022572
5.59,10627.415,8286.609643
5.6,10519.7945,7888.744776
5.61,10313.1632,7818.666305
5.62,10181.8662,7721.460684
5.61,10478.8987,7965.605034
5.62,10506.88,8103.50138
5.63,10549.9282,8128.367935
5.64,10427.2409,8189.404022
5.65,10231.3716,7956.562651
5.66,10136.6656,7881.962988
5.67,10041.9595,8130.62853
5.68,10270.115,7947.520268
5.69,10504.7276,8291.130835
5.7,10756.5595,7979.168609
5.73,10674.768,8051.507676
5.74,10573.6047,8187.143426
5.75,10560.6903,8469.717906
5.76,10713.5114,8530.753993
5.77,10967.4957,8783.940727
5.78,11135.3836,8413.20301
5.79,11382.9108,8440.33016
5.8,11423.8065,8076.37423
5.81,11324.7957,8621.177827
5.82,11131.0788,8707.080469
5.81,11331.2529,9102.68474
5.82,11565.8656,8869.843369
5.83,11897.3367,8485.542077
5.84,11815.5451,8214.270576
5.85,11441.0258,8196.18581
5.86,11165.5174,8519.451014
5.87,11044.9824,8422.245393
5.88,11415.1969,8370.251689
5.89,11559.4083,8270.785472
5.9,11778.9541,8164.537468
5.93,11156.9077,7999.513972
5.94,10913.6855,8392.857647
5.95,10631.7198,8512.669227
5.96,11051.4397,8722.90464
5.97,11374.3011,8815.589069
5.98,11501.2933,8582.747698
5.99,11223.6324,8713.862256
6,10797.4553,8336.342752
6.01,10971.8005,8465.196714
6.02,11215.0228,8815.589069
6.01,11561.5608,8826.892048
6.02,11651.962,8740.989406
6.03,11643.3523,8709.341065
6.04,11288.2047,8670.910935
6.05,11221.48,9061.994015
6.06,11626.133,8829.152644
6.07,12304.1421,8976.091373
6.08,12416.0674,8765.85596
6.09,11983.433,8569.184123
6.1,11546.4939,8704.819873
6.13,11946.8421,8736.468215
6.14,12284.7704,9127.551294
6.15,12532.2975,9260.926449
6.16,12301.9897,8915.055286
6.17,11914.5559,8684.47451
6.18,11755.2776,8481.020885
6.19,12002.8047,8523.972206
6.2,12276.1608,8666.389744
6.21,12258.9415,8641.523189
6.22,11903.7939,8591.790081
6.21,11690.7053,8571.444719
6.22,11761.7348,8523.972206
6.23,12030.7861,8713.862256
6.24,11901.6415,8998.697332
6.25,11768.1921,8808.807281
6.26,11649.8095,8937.661244
6.27,11744.5156,8878.885752
6.28,11828.4595,9059.733419
6.29,11673.4861,9032.606269
6.3,11647.6571,9563.846291
6.33,11654.1144,9333.265515
6.34,11970.5186,9489.246628
6.35,12317.0565,9254.144661
6.36,12364.4095,9254.144661
6.37,12321.3614,9236.059894
6.38,12383.7812,8982.873161
6.39,12261.0939,9100.424144
6.4,12108.2728,8989.654948
6.41,12149.1686,9100.424144
6.42,12627.0035,9120.769507
6.41,12934.7981,9215.714532
6.42,12663.5945,9061.994015
6.43,12373.0192,9089.121165
6.44,12401.0005,9005.479119
6.45,12936.9505,8989.654948
6.46,13106.9909,8876.625156
6.47,12926.1885,9104.945336
6.48,12321.3614,9037.127461
6.49,12213.7409,9602.27642
6.5,12562.4312,9527.676757
6.53,12801.3487,9713.045616
6.54,12689.4234,9220.235724
6.55,12366.562,8664.129148
6.56,12017.8716,8580.487102
6.57,12039.3957,8668.65034
6.58,12295.5324,8903.752307
6.59,12629.1559,9737.91217
6.6,12631.3083,9500.549607
6.61,12388.0861,9627.142974
6.62,12045.8529,8987.394352
6.61,12114.73,9043.909248
6.62,12381.6288,9577.409866
6.63,12689.4234,9154.678444
6.64,12687.271,9889.372091
6.65,12603.327,9973.014137
6.66,12555.974,10009.18367
6.67,12956.3222,9735.651574
6.68,13066.0951,9346.82909
6.69,13106.9909,8847.237411
6.7,12949.865,8917.315882
6.73,12943.4077,8849.498006
6.74,12885.2927,9380.738028
6.75,13300.7077,9480.204245
6.76,13481.5102,9236.059894
6.77,13421.2427,9290.314195
6.78,13210.3065,8646.044381
6.79,12853.0065,9254.144661
6.8,12868.0734,9233.799299
6.81,12969.2367,9704.003233
6.82,13320.0794,9988.838308
6.81,13167.2583,9620.361187
6.82,12936.9505,9751.475745
6.83,12781.977,9615.839995
6.84,12764.7577,9529.937353
6.85,12952.0174,10212.6373
6.86,12605.4794,9353.610878
6.87,12519.383,9830.596599
6.88,12713.0999,9052.951632
6.89,13038.1138,9141.114869
6.9,13066.0951,9236.059894
6.93,13281.3361,9285.793003
6.94,13020.8945,9848.681366
6.95,12958.4746,9742.433362
6.96,12719.5571,9760.518129
6.97,12915.4264,10158.383
6.98,13455.6812,9859.984345
6.99,13737.6469,10097.34691
7,13526.7108,9959.450562
7.01,12906.8168,9884.8509
7.02,13169.4108,9776.342299
7.01,13658.0077,9509.591991
7.02,13840.9626,9410.125774
7.03,13531.0156,9310.659557
7.04,13419.0903,8960.267202
7.05,13425.5475,9306.138365
7.06,13554.6921,9398.822795
7.07,13565.4541,9446.295307
7.08,13701.0559,9760.518129
7.09,13916.2969,9462.119478
7.1,13739.7993,9656.53072
7.13,13253.3547,9792.16647
7.14,13197.3921,10135.77704
7.15,13419.0903,10504.25416
7.16,13475.0529,10664.75646
7.17,13298.5553,10228.46147
7.18,13128.515,9873.54792
7.19,13356.6704,9633.924762
7.2,13345.9083,9595.494632
7.21,13356.6704,9844.160175
7.22,13401.871,9735.651574
7.21,13395.4138,9923.281029
7.22,13466.4433,9509.591991
7.23,13358.8228,9690.439658
7.24,13606.3499,9584.191653
7.25,13765.6282,9991.098904
7.26,13414.7855,9780.863491
7.27,13571.9114,10133.51644
7.28,13847.4198,10004.66248
7.29,14217.6342,10119.95287
7.3,14142.2999,9817.033024
7.33,13451.3764,9701.742637
7.34,13436.3095,10131.25585
7.35,13578.3686,9765.03932
7.36,14056.2035,10425.13331
7.37,14232.7011,9566.106887
7.38,14178.8909,9606.797612
7.39,14120.7758,8967.04899
7.4,13789.3047,9061.994015
7.41,13621.4168,9771.821108
7.42,13724.7324,10452.26046
7.41,14116.471,11019.67001
7.42,13892.6204,10511.03595
7.43,13647.2457,10013.70486
7.44,13574.0638,9392.041007
7.45,14058.3559,9663.312508
7.46,14088.4897,10079.26214
7.47,13899.0776,10594.67799
7.48,13767.7806,10870.47068
7.49,13795.762,10185.51015
7.5,13789.3047,9755.996937
7.53,13453.5288,9446.295307
7.54,13636.4836,9663.312508
7.55,13733.3421,10036.31082
7.56,13927.0589,9699.482041
7.57,13739.7993,10558.50846
7.58,14183.1957,9376.216836
7.59,14617.9824,9975.274733
7.6,14363.9981,9590.973441
7.61,13843.115,9737.91217
7.62,13475.0529,10006.92308
7.61,14150.9095,9848.681366
7.62,14275.7493,10427.3939
7.63,14303.7306,9864.505537
7.64,14023.9174,9948.147583
7.65,14396.2842,10169.68598
7.66,14402.7415,10305.32173
7.67,14320.9499,10413.83033
7.68,14264.9873,10002.40188
7.69,14196.1102,10287.23696
7.7,14172.4336,9968.492946
7.73,14165.9764,10043.09261
7.74,14112.1662,9552.543312
7.75,14193.9577,10027.26844
7.76,13815.1336,9629.40357
7.77,13744.1041,10284.97636
7.78,13881.8583,10407.04854
7.79,14333.8644,10728.05315
7.8,14224.0915,10743.87732
7.81,14049.7463,9911.97805
7.82,13832.3529,10162.90419
7.81,13800.0668,9927.80222
7.82,13828.0481,9661.051912
7.83,13769.933,10122.21346
7.84,13886.1632,9900.67507
7.85,13873.2487,10232.98266
7.86,13838.8102,10395.74556
7.87,14185.3481,10138.03763
7.88,14209.0246,10167.42538
7.89,14691.1644,9740.172766
7.9,14493.1427,10004.66248
7.93,14648.1162,10038.57142
7.94,14221.9391,10088.30453
7.95,13924.9065,9957.189966
7.96,13294.2505,9871.287325
7.97,13896.9252,10106.38929
7.98,14348.9312,10156.1224
7.99,14878.424,10459.04224
8,14691.1644,9984.317116
8.01,14536.1909,10131.25585
8.02,14301.5782,10610.50216
8.01,14202.5674,10287.23696
8.02,13972.2595,10716.75017
8.03,14073.4228,9792.16647
8.04,14142.2999,9373.956241
8.05,13858.1818,9543.500928
8.06,13694.5987,9674.615487
8.07,13933.5162,10468.08463
8.08,14673.9451,10572.07203
8.09,15031.2451,10284.97636
8.1,14269.2921,10056.65618
8.13,13397.5662,9588.712845
8.14,13369.5848,10065.69857
8.15,13772.0855,10138.03763
8.16,13856.0294,10185.51015
8.17,13847.4198,10248.80683
8.18,13750.5614,10375.4002
8.19,14292.9686,10321.1459
8.2,14800.9373,9839.638983
8.21,14626.5921,9661.051912
8.22,14056.2035,9796.687662
8.21,13946.4306,10160.64359
8.22,14105.7089,9753.736341
8.23,14308.0355,10468.08463
8.24,14148.7571,10101.8681
8.25,14054.0511,9963.971754
8.26,14540.4957,9984.317116
8.27,14889.1861,9984.317116
8.28,14919.3198,10106.38929
8.29,14054.0511,10124.47406
8.3,13707.5132,9921.020433
8.33,13642.9409,10165.16478
8.34,13868.9439,10158.383
8.35,14002.3933,10603.72038
8.36,14252.0728,10368.61841
8.37,14620.1348,9977.535329
8.38,14148.7571,10036.31082
8.39,13948.583,9299.356578
8.4,13645.0933,9979.795925
8.41,14127.233,9674.615487
8.42,13795.762,10126.73465
8.41,13896.9252,9864.505537
8.42,13935.6686,10072.48035
8.43,14374.7602,10196.81313
8.44,14097.0993,9792.16647
8.45,13784.9999,9837.378387
8.46,14090.6421,9948.147583
8.47,14131.5379,9952.668775
8.48,14237.0059,10361.83662
8.49,13679.5318,10230.72206
8.5,13963.6499,10160.64359
8.53,14521.124,9882.590304
8.54,14553.4102,9328.744324
8.55,14198.2626,9948.147583
8.56,14280.0541,9902.935666
8.57,14011.0029,10086.04393
8.58,13886.1632,10341.49126
8.59,13649.3981,9891.632687
8.6,13991.6312,10099.6075
8.61,14542.6481,9708.524424
8.62,14747.127,9577.409866
8.61,13886.1632,9902.935666
8.62,13868.9439,9844.160175
8.63,14144.4523,10219.41908
8.64,14224.0915,10382.18198
8.65,14015.3077,10018.22605
8.66,13399.7186,10266.8916
8.67,13571.9114,9459.858882
8.68,13955.0403,9532.197949
8.69,13952.8879,9934.584008
8.7,13571.9114,9835.117791
8.73,14146.6047,9810.251237
8.74,14325.2547,10291.75815
8.75,14292.9686,9796.687662
8.76,13647.2457,9841.899579
8.77,13571.9114,9464.380074
8.78,13580.521,9622.621783
8.79,13789.3047,9762.778724
8.8,13589.1306,9875.808516
8.81,13998.0885,10138.03763
8.82,14663.183,10115.43168
8.81,14454.3993,9943.626391
8.82,13937.821,9798.948258
8.83,13255.5071,9769.560512
8.84,13339.4511,9706.263828
8.85,13970.1071,9857.72375
8.86,13821.5909,9807.990641
8.87,13791.4571,9760.518129
8.88,13965.8023,9973.014137
8.89,14137.9951,9713.045616
8.9,14006.6981,9801.208854
8.93,13780.6951,9884.8509
8.94,13636.4836,9864.505537
8.95,13746.2565,9970.753541
8.96,13664.465,9667.833699
8.97,13830.2005,9796.687662
8.98,14181.0433,9306.138365
8.99,13959.3451,9511.852587
9,13746.2565,9566.106887
9.01,13016.5897,10015.96546
9.02,13524.5583,10043.09261
9.01,13735.4945,10386.70318
9.02,13931.3638,9681.397274
9.03,13371.7373,9109.466528
9.04,13539.6252,9181.805594
9.05,13462.1385,9254.144661
9.06,13459.9861,10002.40188
9.07,13427.6999,10052.13499
9.08,13604.1975,10214.89789
9.09,13924.9065,10108.64989
9.1,13481.5102,9161.460232
9.13,13464.2909,9032.606269
9.14,13666.6174,9331.00492
9.15,13877.5535,9586.452249
9.16,13677.3794,10262.3704
9.17,13186.63,9841.899579
9.18,13257.6595,9963.971754
9.19,13847.4198,9731.130383
9.2,14094.9469,9217.975128
9.21,13778.5427,9143.375465
9.22,13296.4029,9421.428753
9.21,13279.1836,9722.087999
9.22,13440.6144,9835.117791
9.23,13610.6547,9645.227741
9.24,13881.8583,9826.075408
9.25,13726.8848,9532.197949
9.26,13444.9192,9421.428753
9.27,13190.9348,9317.441345
9.28,13055.333,9109.466528
9.29,13363.1276,9622.621783
9.3,13020.8945,9464.380074
9.33,13175.868,9423.689349
9.34,13479.3577,9550.282716
9.35,14000.2409,9548.02212
9.36,13522.4059,9346.82909
9.37,13033.8089,9317.441345
9.38,12538.7547,9168.242019
9.39,12822.8728,9378.477432
9.4,12967.0842,9398.822795
9.41,13182.3252,9927.80222
9.42,13959.3451,9622.621783
9.41,14032.527,9480.204245
9.42,13442.7668,9224.756915
9.43,12687.271,8944.443032
9.44,12265.3987,8890.188731
9.45,12801.3487,9425.949945
9.46,13571.9114,10099.6075
9.47,13851.7246,10067.95916
9.48,13466.4433,9602.27642
9.49,13229.6782,9082.339378
9.5,13453.5288,8792.983111
9.53,12992.9132,8702.559277
9.54,12984.3035,9202.150957
9.55,13147.8867,9649.748933
9.56,13457.8336,9755.996937
9.57,13197.3921,9572.888674
9.58,13083.3144,8967.04899
9.59,13109.1433,8840.455623
9.6,13141.4294,8958.006607
9.61,12627.0035,8953.485415
9.62,12611.9367,9516.373778
9.61,12803.5011,9579.670462
9.62,13081.162,9489.246628
9.63,13268.4216,9505.070799
9.64,13156.4963,8557.881144
9.65,12999.3704,9055.212228
9.66,12463.4204,8876.625156
9.67,12437.5915,9197.629765
9.68,12644.2228,9453.077095
9.69,12904.6644,9491.507224
9.7,12928.3409,9473.422457
9.73,12676.5089,9109.466528
9.74,12803.5011,8616.656635
9.75,12868.0734,8994.17614
9.76,13020.8945,9073.296994
9.77,12898.2071,9570.628078
9.78,12779.8246,9193.108574
9.79,12786.2818,9577.409866
9.8,12941.2553,8967.04899
9.81,12878.8355,8700.298681
9.82,12756.1481,8865.322177
9.81,12964.9318,8756.813577
9.82,13188.7824,9416.907561
9.83,12603.327,9317.441345
9.84,12112.5776,9236.059894
9.85,12256.7891,9256.405257
9.86,13066.0951,8915.055286
9.87,13193.0873,8442.590756
9.88,12751.8433,9021.30329
9.89,12293.38,8415.463606
9.9,12000.6523,9337.786707
9.93,11849.9836,9012.260907
9.94,12254.6367,8994.17614
9.95,12900.3595,9258.665853
9.96,13270.574,8571.444719
9.97,12715.2523,8808.807281
9.98,11570.1704,8499.105652
9.99,11174.127,9005.479119
10,12097.5108,8971.570182
10.01,12926.1885,9170.502615
10.02,13376.0421,8967.04899
10.01,12519.383,8820.110261
10.02,11992.0427,8648.304977
10.03,11669.1812,8408.681818
10.04,11787.5638,9152.417849
10.05,12327.8186,8788.461919
10.06,12872.3782,9039.388057
10.07,13094.0764,9095.902953
10.08,12336.4282,8808.807281
10.09,11789.7162,8802.025494
10.1,11796.1734,8315.997389
10.13,12583.9553,8648.304977
10.14,12635.6132,8564.662931
10.15,12467.7252,8444.851352
10.16,12170.6927,8921.837073
10.17,11692.8577,8752.292385
10.18,11432.4162,8745.510598
10.19,12093.2059,8652.826169
10.2,12685.1186,8580.487102
10.21,12760.4529,8544.317569
10.22,11710.077,8422.245393
10.21,10853.418,8664.129148
10.22,10898.6186,8704.819873
10.23,11974.8234,8894.709923
10.24,12850.8541,8580.487102
10.25,12573.1933,8702.559277
10.26,11908.0987,8117.064955
10.27,10838.3511,8098.980189
10.28,10618.8053,8182.622235
10.29,11141.8409,8388.336456
10.3,12366.562,8424.505989
10.33,12885.2927,8388.336456
10.34,12168.5403,8698.038085
10.35,10937.362,9003.218523
10.36,10420.7836,9636.185358
10.37,11456.0927,9968.492946
10.38,12540.9071,9577.409866
10.39,12913.274,8236.876535
10.4,12119.0348,6955.118695
10.41,11057.8969,6405.793907
10.42,10575.7571,7680.769959
10.41,11385.0632,8711.60166
10.42,11841.374,9762.778724
10.43,12342.8855,10445.47867
10.44,12058.7674,9138.854274
10.45,11238.6993,7683.030555
10.46,10752.2547,6742.622687
10.47,11040.6776,6539.169061
10.48,11445.3306,7556.437188
10.49,12000.6523,8924.097669
10.5,11682.0957,9344.568495
10.53,10715.6638,8994.17614
10.54,10433.6981,8300.173218
10.55,10747.9499,7649.121617
10.56,11481.9216,7791.539155
10.57,11796.1734,7827.708688
10.58,11406.5873,8433.548373
10.59,10713.5114,8641.523189
10.6,10474.5939,8404.160627
10.61,10765.1692,8078.634826
10.62,11404.4348,7603.9097
10.61,11503.4457,7524.788846
10.62,11232.2421,7868.399413
10.63,10399.2595,8288.870239
10.64,10356.2114,8523.972206
10.65,10778.0836,8575.96591
10.66,11684.2481,8318.257985
10.67,11593.8469,7893.265968
10.68,11023.4583,7707.897109
10.69,10128.0559,7875.181201
10.7,10190.4758,8196.18581
10.73,11025.6108,8184.88283
10.74,11591.6945,8110.283168
10.75,11447.483,8024.380526
10.76,10812.5222,7621.994467
10.77,10100.0746,7592.606721
10.78,10009.6734,7601.649105
10.79,10631.7198,7296.468667
10.8,11103.0975,7438.886204
10.81,11029.9156,7434.365013
10.82,10401.412,7811.884517
10.81,9940.7963,7994.99278
10.82,10024.7403,8180.361639
10.83,10375.583,8094.458997
10.84,10616.6529,8096.719593
10.85,10700.5969,7730.503067
10.86,10584.3668,7635.558042
10.87,10341.1445,7551.915996
10.88,9966.6252,7477.316334
10.89,9884.8336,7759.890813
10.9,9964.4728,7793.799751
10.93,10375.583,7863.878222
10.94,10386.3451,7884.223584
10.95,10364.821,7563.218975
10.96,10220.6095,7502.182888
10.97,10203.3903,7477.316334
10.98,10123.7511,7056.845508
10.99,10341.1445,7696.59413
11,10278.7246,7366.547138
11.01,9876.224,7621.994467
11.02,9531.8385,7839.011668
11.01,9891.2909,7784.757367
11.02,10255.0481,7859.35703
11.03,10416.4788,7685.291151
11.04,10222.762,7368.807733
11.05,9990.3017,7158.572321
11.06,9994.6065,6593.423362
11.07,9863.3095,6943.815716
11.08,9738.4698,6991.288229
11.09,9688.9644,7466.013354
11.1,9684.6595,7418.540842
11.13,9540.4481,7445.667992
11.14,9419.9132,7377.850117
11.15,9559.8198,7280.644496
11.16,9721.2505,7341.680583
11.17,9979.5397,7432.104417
11.18,10097.9222,7617.473276
11.19,9831.0234,7395.934884
11.2,9198.215,7536.091825
11.21,8664.4174,7368.807733
11.22,8875.3535,7563.218975
11.21,9613.63,7454.710375
11.22,9930.0342,7203.784237
11.23,9536.1433,6961.900483
11.24,9361.7981,6695.150174
11.25,9213.2818,6502.999528
11.26,9381.1698,6749.404474
11.27,9411.3035,6842.088904
11.28,9247.7204,7135.966362
11.29,9140.0999,7201.523642
11.3,8849.5246,7151.790533
11.33,8701.0083,7142.74815
11.34,8948.5355,6898.603799
11.35,9508.162,7095.275637
11.36,9667.4403,6941.55512
11.37,9344.5788,7330.377604
11.38,8828.0005,7185.699471
11.39,8660.1126,7149.529937
11.4,8890.4204,6961.900483
11.41,9131.4903,6665.762428
11.42,9239.1108,6747.143878
11.41,8896.8776,6541.429657
11.42,9062.6132,6656.720045
11.43,9357.4933,6627.332299
11.44,10054.874,6453.26642
11.45,10063.4836,6762.968049
11.46,9484.4855,6606.986937
11.47,8330.7939,7036.500146
11.48,7226.6077,6975.464058
11.49,6809.0403,7190.220662
11.5,7530.0975,7009.372995
11.53,9389.7794,7041.021337
11.54,9983.8445,6966.421675
11.55,9617.9348,6950.597504
11.56,8681.6367,6618.289916
11.57,8027.3041,6701.931962
11.58,8167.2108,6328.933649
11.59,8233.9355,6500.738932
11.6,8231.783,6478.132974
11.61,8212.4114,6509.781316
11.62,8246.8499,6412.575695
11.61,8873.2011,6152.607173
11.62,9097.0517,6337.976032
11.63,9088.4421,6186.516111
11.64,8520.2059,6512.041911
11.65,8020.8469,6500.738932
11.66,8134.9246,6668.023024
11.67,8961.4499,6627.332299
11.68,8978.6692,6704.192558
11.69,8442.7192,6582.120382
11.7,7609.7367,6622.811107
11.73,7840.0445,6462.308803
11.74,7885.2451,6480.39357
11.75,8373.8421,6394.490928
11.76,8916.2493,6530.126678
11.77,9327.3595,6399.01212
11.78,9243.4156,6304.067094
11.79,7898.1595,6100.613469
11.8,6828.412,5955.935336
11.81,6847.7836,6003.407848
11.82,7803.4535,6059.922744
11.81,8436.262,6078.007511
11.82,8294.2029,6240.770411
11.83,7547.3168,6152.607173
11.84,7226.6077,6170.69194
11.85,7222.3029,6401.272715
11.86,7829.2824,6389.969736
11.87,8492.2246,6527.866082
11.88,8944.2306,6489.435953
11.89,8692.3987,6206.861474
11.9,8173.668,6179.734323
11.93,7269.6559,6028.274402
11.94,7368.6668,5883.596269
11.95,7538.7071,5976.280698
11.96,7837.8921,5840.644948
11.97,7876.6355,5725.35456
11.98,7661.3945,5854.208523
11.99,7368.6668,5695.966814
12,7562.3836,5860.990311
12.01,7803.4535,6041.837977
12.02,7607.5842,5915.244611
12.01,7261.0463,6152.607173
12.02,7355.7523,6105.134661
12.03,7588.2126,6220.425049
12.04,7392.3433,6222.685644
12.05,7284.7228,6177.473728
12.06,7334.2282,5969.498911
12.07,7706.5951,6050.880361
12.08,7629.1083,5924.286994
12.09,7409.5626,5786.390648
12.1,7504.2686,5793.172435
12.13,7598.9746,5560.331064
12.14,7439.6963,5605.542981
12.15,7471.9824,5544.506893
12.16,7273.9608,5632.670131
12.17,7616.1939,5659.797281
12.18,6998.4523,5745.699923
12.19,6899.4415,5499.294977
12.2,6533.5318,5822.560181
12.21,6787.5162,5589.71881
12.22,6804.7355,6075.746915
12.21,7329.9234,6028.274402
12.22,7095.3108,5840.644948
12.23,7276.1132,5974.020102
12.24,6888.6794,5560.331064
12.25,6856.3933,5591.979406
12.26,6533.5318,5637.191323
12.27,7011.3668,5497.034381
12.28,7747.4909,5555.809873
12.29,8599.8451,5341.053268
12.3,8266.2216,5463.125443
12.33,7093.1583,5435.998293
12.34,6557.2083,5347.835056
12.35,6189.1463,5510.597956
12.36,6408.6921,5316.186714
12.37,6555.0559,5535.46451
12.38,6701.4198,5521.900935
12.39,6434.521,5551.288681
12.4,6671.2861,5630.409535
12.41,7304.0945,5752.48171
12.42,7487.0493,5700.488006
12.41,6654.0668,5795.433031
12.42,6137.4885,5621.367152
12.43,6040.63,5582.937023
12.44,6645.4571,5605.542981
12.45,6968.3186,5083.345343
12.46,6811.1927,5257.411222
12.47,6527.0746,5001.963893
12.48,5900.7234,5051.697001
12.49,5900.7234,4990.660913
12.5,6456.0451,5035.87283
12.53,7222.3029,5166.987389
12.54,7174.9499,5386.265185
12.55,6372.1011,5230.284072
12.56,5956.6861,5316.186714
12.57,5657.5011,5282.277776
12.58,6258.0234,5304.883735
12.59,6645.4571,5381.743993
12.6,6873.6126,5435.998293
12.61,6658.3716,5187.332751
12.62,6738.0108,5384.004589
12.61,6313.9861,5198.63573
12.62,6550.7511,5194.114539
12.63,6638.9999,5139.860239
12.64,6322.5957,5001.963893
12.65,5956.6861,4965.794359
12.66,5687.6348,4934.146018
12.67,6313.9861,4934.146018
12.68,6716.4867,5103.690705
12.69,6897.2891,5069.781768
12.7,6232.1945,5033.612234
12.73,6081.5258,4963.533763
12.74,6060.0017,5126.296664
12.75,6113.812,5047.175809
12.76,6109.5071,5151.163218
12.77,5971.7529,5117.25428
12.78,6137.4885,5137.599643
12.79,5991.1246,5223.502285
12.8,5747.9023,4979.357934
12.81,5767.274,4947.709593
12.82,6131.0312,4651.571538
12.81,6193.4511,4515.935788
12.82,6238.6517,4615.402005
12.83,6122.4216,4683.21988
12.84,6120.2692,4678.698688
12.85,5502.5276,4877.631122
12.86,5685.4824,4680.959284
12.87,5986.8198,4918.321847
12.88,6339.815,4970.315551
12.89,6632.5427,4913.800655
12.9,6501.2457,5026.830447
12.93,5960.9909,4913.800655
12.94,5571.4047,4979.357934
12.95,5186.1234,4897.976484
12.96,5093.5698,4864.067547
12.97,5543.4234,4968.054955
12.98,6128.8788,5008.74568
12.99,6283.8523,4861.806951
13,6049.2397,5022.309255
13.01,5821.0842,4475.245063
13.02,5722.0734,4554.365917
13.01,5801.7126,4154.240454
13.02,5861.98,4199.452371
13.03,6032.0204,4644.78975
13.04,5928.7047,4387.081825
13.05,5554.1855,4938.667209
13.06,4996.7114,4515.935788
13.07,5302.3535,4608.620217
13.08,5504.68,4816.595034
13.09,5782.3409,4574.71128
13.1,5747.9023,4983.879126
13.13,5575.7095,4717.128817
13.14,5319.5728,4558.887109
13.15,5132.3132,4787.207288
13.16,5007.4734,4312.482162
13.17,5397.0595,4452.639104
13.18,5547.7282,4536.28115
13.19,5472.3939,4208.494754
13.2,5321.7252,4753.298351
13.21,5468.0891,4405.166592
13.22,5681.1776,4712.607626
13.21,5767.274,4563.4083
13.22,5726.3782,4246.924883
13.23,5459.4794,4660.613921
13.24,5160.2945,4405.166592
13.25,5310.9632,4604.099025
13.26,5347.5541,4662.874517
13.27,5635.977,4484.287446
13.28,5719.921,4592.796046
13.29,5414.2788,4384.821229
13.3,4992.4065,4502.372213
13.33,4766.4035,4418.730167
13.34,4858.9571,4145.198071
13.35,5046.2168,4262.749054
13.36,5267.915,4129.3739
13.37,5130.1608,4183.6282
13.38,4992.4065,4267.270246
13.39,4927.8342,4267.270246
13.4,5188.2758,4298.918587
13.41,5504.68,4393.863613
13.42,5310.9632,4176.846412
13.41,4510.2668,4344.130504
13.42,4426.3228,4149.719262
13.43,4609.2776,4244.664287
13.44,5119.3987,4400.6454
13.45,5302.3535,4181.367604
13.46,5261.4577,4522.717575
13.47,5061.2836,4262.749054
13.48,4837.433,4405.166592
13.49,4779.318,4312.482162
13.5,5117.2463,4321.524546
13.53,5354.0114,4190.409987
13.54,5239.9336,4224.318925
13.55,4747.0318,3998.259341
13.56,4712.5933,4045.731854
13.57,4994.5589,3980.174575
13.58,5478.8511,4059.295429
13.59,5442.2602,4102.24675
13.6,5143.0752,4149.719262
13.61,4863.262,4161.022241
13.62,4835.2806,4280.833821
13.61,4990.2541,4070.598408
13.62,5052.674,4240.143096
13.63,4951.5108,4038.950066
13.64,4587.7535,4086.422579
13.65,4361.7505,4106.767941
13.66,4290.721,3986.956362
13.67,4602.8204,4115.810325
13.68,4940.7487,3826.454058
13.69,4807.2993,3731.509032
13.7,4544.7053,3824.193462
13.73,4258.4348,3600.394474
13.74,4374.665,4072.859004
13.75,4551.1626,3889.750741
13.76,4910.615,3914.617295
13.77,4727.6602,4188.149391
13.78,4731.965,3835.496441
13.79,4544.7053,4326.045738
13.8,4680.3071,3896.532529
13.81,4635.1065,4163.282837
13.82,4716.8981,3783.502737
13.81,4484.4379,3851.320612
13.82,4701.8312,4165.543433
13.83,4585.6011,3785.763333
13.84,4546.8577,4061.556025
13.85,4635.1065,3799.326908
13.86,4572.6867,3783.502737
13.87,4850.3475,3826.454058
13.88,4921.377,3491.885874
13.89,4975.1873,3914.617295
13.9,4650.1734,3503.188853
13.93,4258.4348,3794.805716
13.94,4191.7102,3946.265637
13.95,4508.1144,3602.65507
13.96,4800.8421,4014.083512
13.97,4867.5668,3519.013024
13.98,4508.1144,3620.739837
13.99,4146.5095,3799.326908
14,4219.6915,3464.758724
14.01,4295.0258,4176.846412
14.02,4486.5903,3772.199758
14.01,4391.8842,4149.719262
14.02,4208.9294,3733.769628
14.03,3918.3541,3663.691157
14.04,3972.1644,3668.212349
14.05,4279.9589,3419.546807
14.06,4441.3897,3756.375587
14.07,4267.0445,3430.849786
14.08,3864.5439,3760.896778
14.09,3851.6294,3548.40077
14.1,4025.9746,3745.072608
14.13,4497.3523,3810.629887
14.14,4581.2963,3559.703749
14.15,4553.315,3824.193462
14.16,4409.1035,3598.133878
14.17,4219.6915,3747.333203
14.18,4372.5126,3867.144783
14.19,4740.5746,3555.182557
14.2,4805.1469,3930.441466
14.21,4282.1114,3403.722636
14.22,3957.0975,3790.284524
14.21,3718.18,3489.625278
14.22,3978.6216,3247.741523
14.23,4374.665,3767.678566
14.24,4454.3041,3039.766707
14.25,4323.0071,3724.727245
14.26,3972.1644,3191.226628
14.27,3787.0571,3378.856082
14.28,3750.4662,3491.885874
14.29,3769.8379,3130.19054
14.3,3843.0198,3564.224941
14.33,3944.183,3229.656757
14.34,4109.9186,3627.521624
14.35,4441.3897,3444.413361
14.36,4501.6571,3586.830899
14.37,4101.3089,3584.570303
14.38,3879.6108,3453.455745
14.39,3713.8752,3690.818307
14.4,3871.0011,3381.116678
14.41,3761.2282,3604.915666
14.42,3774.1427,3252.262715
14.41,3776.2951,3534.837195
14.42,3868.8487,3464.758724
14.43,4015.2126,3098.542198
14.44,4185.2529,3415.025615
14.45,4137.8999,3112.105773
14.46,3849.477,3363.031911
14.47,3642.8457,3306.517015
14.48,3746.1614,3146.014711
14.49,4124.9855,3659.169966
14.5,4232.6059,3146.014711
14.53,4350.9885,3613.958049
14.54,4204.6246,3412.76502
14.55,4135.7475,3419.546807
14.56,3957.0975,3566.485536
14.57,4187.4053,3141.493519
14.58,4168.0336,3604.915666
14.59,3853.7818,3053.330282
14.6,3330.7463,3315.559399
14.61,3431.9095,3089.499815
14.62,3477.1102,3247.741523
14.61,3627.7788,3071.415048
14.62,3425.4523,2990.033598
14.63,3468.5005,3107.584582
14.64,3709.5704,3096.281602
14.65,3840.8674,3356.250124
14.66,3776.2951,3254.523311
14.67,3375.9469,3322.341186
14.68,3319.9842,3378.856082
14.69,3563.2065,3069.154452
14.7,3776.2951,3277.129269
14.73,4090.5469,3170.881265
14.74,3802.124,3329.122974
14.75,3617.0168,3410.504424
14.76,3847.3246,3259.044503
14.77,4058.2608,3442.152765
14.78,4230.4535,3202.529607
14.79,3660.065,3243.220332
14.8,3180.0776,3177.663053
14.81,2902.4168,3213.832586
14.82,2956.227,3080.457432
14.81,3752.6186,3109.845177
14.82,3920.5065,2874.74321
14.83,4247.6728,3114.366369
14.84,4000.1457,2935.779298
14.85,3595.4927,2906.391552
14.86,3416.8427,2906.391552
14.87,3266.174,2867.961423
14.88,3451.2812,3026.203131
14.89,3612.712,3008.118365
14.9,3688.0463,3261.305098
14.93,3584.7306,3127.929944
14.94,3210.2114,3277.129269
14.95,3421.1475,2865.700827
14.96,3617.0168,2996.815386
14.97,3776.2951,2809.185931
14.98,3554.5969,2888.306785
14.99,2895.9595,2965.167044
15,2930.3981,3069.154452
15.01,3350.118,3139.232923
15.02,4045.3463,3170.881265
15.01,3586.883,3071.415048
15.02,3016.4945,2935.779298
15.03,2736.6812,3048.80909
15.04,2697.9379,2770.755802
15.05,3793.5144,3161.838882
15.06,3909.7445,3098.542198
15.07,4045.3463,3216.093182
15.08,3655.7602,3082.718027
15.09,3050.933,3019.421344
15.1,3003.58,3109.845177
15.13,3106.8957,2996.815386
15.14,3515.8535,2883.785594
15.15,3720.3324,2725.543885
15.16,3672.9794,2678.071373
15.17,3604.1023,2752.671035
15.18,3231.7355,2854.397848
15.19,3647.1505,3019.421344
15.2,3612.712,3089.499815
15.21,3477.1102,2822.749506
15.22,2977.7511,2750.410439
15.21,3001.4276,2650.944223
15.22,3356.5752,2664.507798
15.23,3741.8565,2913.17334
15.24,3827.9529,2757.192227
15.25,3393.1662,3130.19054
15.26,2913.1788,3035.245515
15.27,2691.4806,2892.827977
15.28,2982.0559,2881.524998
15.29,3429.7571,2675.810777
15.3,3347.9656,2770.755802
15.33,2820.6252,2707.459119
15.34,2751.7481,3003.597173
15.35,1744.4204,3127.929944
15.36,827.4939,3225.135565
15.37,1864.9553,3082.718027
15.38,6374.2535,2766.23461
15.39,5192.5806,2834.052485
15.4,2908.874,2544.696218
15.41,2768.9674,2870.222019
15.42,3201.6017,2698.416735
15.41,2512.8306,2721.022694
15.42,3289.8505,2949.342873
15.43,4325.1595,2384.193914
15.44,4303.6355,1735.402909
15.45,1783.1638,1895.905213
15.46,-194.9007,1649.500267
15.47,1567.9228,1565.858221
15.48,6339.815,1631.4155
15.49,6865.0029,3195.747819
15.5,2721.6144,1418.919492
15.53,1417.2541,2648.683627
15.54,1957.5089,2088.055859
15.55,2598.927,2657.72601
15.56,2517.1355,2320.89723
15.57,3341.5083,2614.774689
15.58,3875.3059,1993.110834
15.59,2891.6547,3528.055407
15.6,3059.5427,3415.025615
15.61,3335.0511,3028.463727
15.62,3976.4692,2506.266089
15.61,4985.9493,1923.032363
15.62,3149.9439,3247.741523
15.63,2581.7077,2510.787281
15.64,2338.4855,3032.984919
15.65,3711.7228,3415.025615
15.66,3298.4602,2786.579973
15.67,3231.7355,2637.380648
15.68,3881.7632,2381.933318
15.69,3709.5704,2318.636635
15.7,2502.0686,2662.247202
15.73,874.8469,2589.908135
15.74,614.4053,2311.854847
15.75,2189.9692,2411.321064
15.76,3078.9144,2189.782672
15.77,3076.762,2388.715106
15.78,2568.7933,3100.802794
15.79,3128.4198,3769.939162
15.8,3182.23,2542.435622
15.81,3188.6873,3195.747819
15.82,3739.7041,1423.440683
15.81,5450.8698,2183.000884
15.82,6477.5692,2024.759176
15.83,6090.1355,2228.212801
15.84,3888.2204,2994.55479
15.85,1996.2523,3182.184244
15.86,1294.5668,2836.313081
15.87,1219.2324,2725.543885
15.88,1598.0565,2151.352543
15.89,2768.9674,1898.165809
15.9,4165.8812,2368.369743
15.93,5181.8186,2180.740289
15.94,4759.9463,3082.718027
15.95,3509.3963,3089.499815
15.96,1849.8885,2960.645852
15.97,1363.4439,2506.266089
15.98,1486.1312,2485.920727
15.99,2144.7686,2115.183009
16,3005.7324,2470.096556
16.01,2997.1228,2700.677331
16.02,2568.7933,2854.397848
16.01,2545.1168,2949.342873
16.02,3763.3806,2540.175027
16.03,4919.2246,2366.109147
16.04,4886.9385,2121.964797
16.05,3524.4632,2203.346247
16.06,3210.2114,2153.613139
16.07,4163.7288,2537.914431
16.08,3855.9342,2427.145235
16.09,2336.333,2551.478006
16.1,551.9855,2289.248889
16.13,-498.3905,2088.055859
16.14,-95.8898,2323.157826
16.15,1524.8746,2277.94591
16.16,3787.0571,2474.617747
16.17,4772.8608,2433.927022
16.18,3670.827,2754.931631
16.19,1128.8312,3032.984919
16.2,0.9686,3347.20774
16.21,543.3758,3028.463727
