,5598.761193,5836.1511
,5578.415831,5831.8463
,5451.822464,6038.4776
,5322.968501,6214.9752
,5404.349952,6324.7481
,5352.356247,6344.1198
,5650.754898,6546.4463
,5573.894639,6953.2517
,5693.706219,7017.824
,5515.119148,6955.4041
,5433.737697,6748.7728
,5420.174122,6641.1523
,5454.08306,6856.3933
,5662.057877,7224.4553
,5747.960519,7657.0897
,5924.286994,7734.5764
,5942.371761,7463.3728
,5813.517798,6946.7945
,6039.577382,6774.6017
,6152.607173,6985.5379
,6396.751524,7217.9981
,6451.005824,7347.1427
,6385.448545,7304.0945
,6374.145565,7269.6559
,6236.249219,7129.7493
,6421.618078,7093.1583
,6462.308803,7123.2921
,6491.696549,6948.9469
,6310.848882,6729.4011
,6213.643261,6604.5614
,6288.242924,6660.524
,6102.874065,6778.9065
,6435.181653,7058.7198
,6007.92904,7233.065
,6055.401552,7515.0306
,5827.081373,7575.2981
,6041.837977,7441.8487
,5994.365465,7116.8348
,6387.70914,7052.2626
,6473.611782,7471.9824
,6656.720045,7986.4083
,6469.090591,8515.9011
,6518.823699,8584.7782
,6640.895874,8487.9198
,6523.344891,8184.43
,6905.385587,8309.2698
,6722.277324,8315.727
,6769.749837,8494.377
,6801.398179,8524.5108
,6817.222349,8546.0348
,7083.972658,8462.0909
,7190.220662,8449.1764
,7163.093512,8685.9415
,7178.917683,8629.9788
,7090.754446,8264.0692
,7047.803125,7803.4535
,6889.561416,7697.9855
,6842.088904,8087.5716
,6846.610095,8373.8421
,6821.743541,8386.7565
,6790.095199,8201.6493
,6851.131287,7878.7879
,6720.016728,7932.5981
,6808.179966,8165.0583
,6625.071703,8419.0427
,6835.307116,8515.9011
,6774.271028,8571.8638
,6762.968049,8774.1903
,6934.773333,8933.4686
,6758.446858,9230.5011
,7199.263046,9305.8355
,7314.553433,9299.3782
,7527.049442,9155.1668
,7771.193792,9060.4608
,7542.873613,9252.0252
,7719.200088,9654.5258
,7325.856413,10001.0638
,7554.176592,9785.8228
,7651.382213,9671.7451
,7660.424596,9602.868
,7735.024259,9701.8788
,7673.988171,9755.6891
,7599.388509,9600.7156
,7705.636513,9374.7126
,7463.752759,9314.4451
,7723.72128,9370.4077
,7603.9097,9379.0174
,7900.047755,9331.6644
,7689.812342,9385.4746
,7895.526563,9198.215
,7782.496772,9206.8246
,7452.449779,9310.1403
,7429.843821,9501.7047
,7176.657087,9626.5445
,7529.310038,9475.8758
,7572.261359,9290.7686
,7825.448092,9269.2445
,8019.859334,9701.8788
,7936.217288,9951.5583
,8022.11993,10233.524
,8049.24708,10379.8879
,7888.744776,10397.1071
,8033.422909,10239.9812
,7927.174905,10336.8397
,8123.846743,10500.4228
,8334.082156,10498.2704
,8616.656635,10438.0029
,8404.160627,10655.3963
,8139.670914,10743.6451
,7985.950397,10928.7523
,8058.289464,10806.065
,7891.005372,10618.8053
,8108.022572,10564.9951
,8286.609643,10627.415
,7888.744776,10519.7945
,7818.666305,10313.1632
,7721.460684,10181.8662
,7965.605034,10478.8987
,8103.50138,10506.88
,8128.367935,10549.9282
,8189.404022,10427.2409
,7956.562651,10231.3716
,7881.962988,10136.6656
,8130.62853,10041.9595
,7947.520268,10270.115
,8291.130835,10504.7276
,7979.168609,10756.5595
,8051.507676,10674.768
,8187.143426,10573.6047
,8469.717906,10560.6903
,8530.753993,10713.5114
,8783.940727,10967.4957
,8413.20301,11135.3836
,8440.33016,11382.9108
,8076.37423,11423.8065
,8621.177827,11324.7957
,8707.080469,11131.0788
,9102.68474,11331.2529
,8869.843369,11565.8656
,8485.542077,11897.3367
,8214.270576,11815.5451
,8196.18581,11441.0258
,8519.451014,11165.5174
,8422.245393,11044.9824
,8370.251689,11415.1969
,8270.785472,11559.4083
,8164.537468,11778.9541
,7999.513972,11156.9077
,8392.857647,10913.6855
,8512.669227,10631.7198
,8722.90464,11051.4397
,8815.589069,11374.3011
,8582.747698,11501.2933
,8713.862256,11223.6324
,8336.342752,10797.4553
,8465.196714,10971.8005
,8815.589069,11215.0228
,8826.892048,11561.5608
,8740.989406,11651.962
,8709.341065,11643.3523
,8670.910935,11288.2047
,9061.994015,11221.48
,8829.152644,11626.133
,8976.091373,12304.1421
,8765.85596,12416.0674
,8569.184123,11983.433
,8704.819873,11546.4939
,8736.468215,11946.8421
,9127.551294,12284.7704
,9260.926449,12532.2975
,8915.055286,12301.9897
,8684.47451,11914.5559
,8481.020885,11755.2776
,8523.972206,12002.8047
,8666.389744,12276.1608
,8641.523189,12258.9415
,8591.790081,11903.7939
,8571.444719,11690.7053
,8523.972206,11761.7348
,8713.862256,12030.7861
,8998.697332,11901.6415
,8808.807281,11768.1921
,8937.661244,11649.8095
,8878.885752,11744.5156
,9059.733419,11828.4595
,9032.606269,11673.4861
,9563.846291,11647.6571
,9333.265515,11654.1144
,9489.246628,11970.5186
,9254.144661,12317.0565
,9254.144661,12364.4095
,9236.059894,12321.3614
,8982.873161,12383.7812
,9100.424144,12261.0939
,8989.654948,12108.2728
,9100.424144,12149.1686
,9120.769507,12627.0035
,9215.714532,12934.7981
,9061.994015,12663.5945
,9089.121165,12373.0192
,9005.479119,12401.0005
,8989.654948,12936.9505
,8876.625156,13106.9909
,9104.945336,12926.1885
,9037.127461,12321.3614
,9602.27642,12213.7409
,9527.676757,12562.4312
,9713.045616,12801.3487
,9220.235724,12689.4234
,8664.129148,12366.562
,8580.487102,12017.8716
,8668.65034,12039.3957
,8903.752307,12295.5324
,9737.91217,12629.1559
,9500.549607,12631.3083
,9627.142974,12388.0861
,8987.394352,12045.8529
,9043.909248,12114.73
,9577.409866,12381.6288
,9154.678444,12689.4234
,9889.372091,12687.271
,9973.014137,12603.327
,10009.18367,12555.974
,9735.651574,12956.3222
,9346.82909,13066.0951
,8847.237411,13106.9909
,8917.315882,12949.865
,8849.498006,12943.4077
,9380.738028,12885.2927
,9480.204245,13300.7077
,9236.059894,13481.5102
,9290.314195,13421.2427
,8646.044381,13210.3065
,9254.144661,12853.0065
,9233.799299,12868.0734
,9704.003233,12969.2367
,9988.838308,13320.0794
,9620.361187,13167.2583
,9751.475745,12936.9505
,9615.839995,12781.977
,9529.937353,12764.7577
,10212.6373,12952.0174
,9353.610878,12605.4794
,9830.596599,12519.383
,9052.951632,12713.0999
,9141.114869,13038.1138
,9236.059894,13066.0951
,9285.793003,13281.3361
,9848.681366,13020.8945
,9742.433362,12958.4746
,9760.518129,12719.5571
,10158.383,12915.4264
,9859.984345,13455.6812
,10097.34691,13737.6469
,9959.450562,13526.7108
,9884.8509,12906.8168
,9776.342299,13169.4108
,9509.591991,13658.0077
,9410.125774,13840.9626
,9310.659557,13531.0156
,8960.267202,13419.0903
,9306.138365,13425.5475
,9398.822795,13554.6921
,9446.295307,13565.4541
,9760.518129,13701.0559
,9462.119478,13916.2969
,9656.53072,13739.7993
,9792.16647,13253.3547
,10135.77704,13197.3921
,10504.25416,13419.0903
,10664.75646,13475.0529
,10228.46147,13298.5553
,9873.54792,13128.515
,9633.924762,13356.6704
,9595.494632,13345.9083
,9844.160175,13356.6704
,9735.651574,13401.871
,9923.281029,13395.4138
,9509.591991,13466.4433
,9690.439658,13358.8228
,9584.191653,13606.3499
,9991.098904,13765.6282
,9780.863491,13414.7855
,10133.51644,13571.9114
,10004.66248,13847.4198
,10119.95287,14217.6342
,9817.033024,14142.2999
,9701.742637,13451.3764
,10131.25585,13436.3095
,9765.03932,13578.3686
,10425.13331,14056.2035
,9566.106887,14232.7011
,9606.797612,14178.8909
,8967.04899,14120.7758
,9061.994015,13789.3047
,9771.821108,13621.4168
,10452.26046,13724.7324
,11019.67001,14116.471
,10511.03595,13892.6204
,10013.70486,13647.2457
,9392.041007,13574.0638
,9663.312508,14058.3559
,10079.26214,14088.4897
,10594.67799,13899.0776
,10870.47068,13767.7806
,10185.51015,13795.762
,9755.996937,13789.3047
,9446.295307,13453.5288
,9663.312508,13636.4836
,10036.31082,13733.3421
,9699.482041,13927.0589
,10558.50846,13739.7993
,9376.216836,14183.1957
,9975.274733,14617.9824
,9590.973441,14363.9981
,9737.91217,13843.115
,10006.92308,13475.0529
,9848.681366,14150.9095
,10427.3939,14275.7493
,9864.505537,14303.7306
,9948.147583,14023.9174
,10169.68598,14396.2842
,10305.32173,14402.7415
,10413.83033,14320.9499
,10002.40188,14264.9873
,10287.23696,14196.1102
,9968.492946,14172.4336
,10043.09261,14165.9764
,9552.543312,14112.1662
,10027.26844,14193.9577
,9629.40357,13815.1336
,10284.97636,13744.1041
,10407.04854,13881.8583
,10728.05315,14333.8644
,10743.87732,14224.0915
,9911.97805,14049.7463
,10162.90419,13832.3529
,9927.80222,13800.0668
,9661.051912,13828.0481
,10122.21346,13769.933
,9900.67507,13886.1632
,10232.98266,13873.2487
,10395.74556,13838.8102
,10138.03763,14185.3481
,10167.42538,14209.0246
,9740.172766,14691.1644
,10004.66248,14493.1427
,10038.57142,14648.1162
,10088.30453,14221.9391
,9957.189966,13924.9065
,9871.287325,13294.2505
,10106.38929,13896.9252
,10156.1224,14348.9312
,10459.04224,14878.424
,9984.317116,14691.1644
,10131.25585,14536.1909
,10610.50216,14301.5782
,10287.23696,14202.5674
,10716.75017,13972.2595
,9792.16647,14073.4228
,9373.956241,14142.2999
,9543.500928,13858.1818
,9674.615487,13694.5987
,10468.08463,13933.5162
,10572.07203,14673.9451
,10284.97636,15031.2451
,10056.65618,14269.2921
,9588.712845,13397.5662
,10065.69857,13369.5848
,10138.03763,13772.0855
,10185.51015,13856.0294
,10248.80683,13847.4198
,10375.4002,13750.5614
,10321.1459,14292.9686
,9839.638983,14800.9373
,9661.051912,14626.5921
,9796.687662,14056.2035
,10160.64359,13946.4306
,9753.736341,14105.7089
,10468.08463,14308.0355
,10101.8681,14148.7571
,9963.971754,14054.0511
,9984.317116,14540.4957
,9984.317116,14889.1861
,10106.38929,14919.3198
,10124.47406,14054.0511
,9921.020433,13707.5132
,10165.16478,13642.9409
,10158.383,13868.9439
,10603.72038,14002.3933
,10368.61841,14252.0728
,9977.535329,14620.1348
,10036.31082,14148.7571
,9299.356578,13948.583
,9979.795925,13645.0933
,9674.615487,14127.233
,10126.73465,13795.762
,9864.505537,13896.9252
,10072.48035,13935.6686
,10196.81313,14374.7602
,9792.16647,14097.0993
,9837.378387,13784.9999
,9948.147583,14090.6421
,9952.668775,14131.5379
,10361.83662,14237.0059
,10230.72206,13679.5318
,10160.64359,13963.6499
,9882.590304,14521.124
,9328.744324,14553.4102
,9948.147583,14198.2626
,9902.935666,14280.0541
,10086.04393,14011.0029
,10341.49126,13886.1632
,9891.632687,13649.3981
,10099.6075,13991.6312
,9708.524424,14542.6481
,9577.409866,14747.127
,9902.935666,13886.1632
,9844.160175,13868.9439
,10219.41908,14144.4523
,10382.18198,14224.0915
,10018.22605,14015.3077
,10266.8916,13399.7186
,9459.858882,13571.9114
,9532.197949,13955.0403
,9934.584008,13952.8879
,9835.117791,13571.9114
,9810.251237,14146.6047
,10291.75815,14325.2547
,9796.687662,14292.9686
,9841.899579,13647.2457
,9464.380074,13571.9114
,9622.621783,13580.521
,9762.778724,13789.3047
,9875.808516,13589.1306
,10138.03763,13998.0885
,10115.43168,14663.183
,9943.626391,14454.3993
,9798.948258,13937.821
,9769.560512,13255.5071
,9706.263828,13339.4511
,9857.72375,13970.1071
,9807.990641,13821.5909
,9760.518129,13791.4571
,9973.014137,13965.8023
,9713.045616,14137.9951
,9801.208854,14006.6981
,9884.8509,13780.6951
,9864.505537,13636.4836
,9970.753541,13746.2565
,9667.833699,13664.465
,9796.687662,13830.2005
,9306.138365,14181.0433
,9511.852587,13959.3451
,9566.106887,13746.2565
,10015.96546,13016.5897
,10043.09261,13524.5583
,10386.70318,13735.4945
,9681.397274,13931.3638
,9109.466528,13371.7373
,9181.805594,13539.6252
,9254.144661,13462.1385
,10002.40188,13459.9861
,10052.13499,13427.6999
,10214.89789,13604.1975
,10108.64989,13924.9065
,9161.460232,13481.5102
,9032.606269,13464.2909
,9331.00492,13666.6174
,9586.452249,13877.5535
,10262.3704,13677.3794
,9841.899579,13186.63
,9963.971754,13257.6595
,9731.130383,13847.4198
,9217.975128,14094.9469
,9143.375465,13778.5427
,9421.428753,13296.4029
,9722.087999,13279.1836
,9835.117791,13440.6144
,9645.227741,13610.6547
,9826.075408,13881.8583
,9532.197949,13726.8848
,9421.428753,13444.9192
,9317.441345,13190.9348
,9109.466528,13055.333
,9622.621783,13363.1276
,9464.380074,13020.8945
,9423.689349,13175.868
,9550.282716,13479.3577
,9548.02212,14000.2409
,9346.82909,13522.4059
,9317.441345,13033.8089
,9168.242019,12538.7547
,9378.477432,12822.8728
,9398.822795,12967.0842
,9927.80222,13182.3252
,9622.621783,13959.3451
,9480.204245,14032.527
,9224.756915,13442.7668
,8944.443032,12687.271
,8890.188731,12265.3987
,9425.949945,12801.3487
,10099.6075,13571.9114
,10067.95916,13851.7246
,9602.27642,13466.4433
,9082.339378,13229.6782
,8792.983111,13453.5288
,8702.559277,12992.9132
,9202.150957,12984.3035
,9649.748933,13147.8867
,9755.996937,13457.8336
,9572.888674,13197.3921
,8967.04899,13083.3144
,8840.455623,13109.1433
,8958.006607,13141.4294
,8953.485415,12627.0035
,9516.373778,12611.9367
,9579.670462,12803.5011
,9489.246628,13081.162
,9505.070799,13268.4216
,8557.881144,13156.4963
,9055.212228,12999.3704
,8876.625156,12463.4204
,9197.629765,12437.5915
,9453.077095,12644.2228
,9491.507224,12904.6644
,9473.422457,12928.3409
,9109.466528,12676.5089
,8616.656635,12803.5011
,8994.17614,12868.0734
,9073.296994,13020.8945
,9570.628078,12898.2071
,9193.108574,12779.8246
,9577.409866,12786.2818
,8967.04899,12941.2553
,8700.298681,12878.8355
,8865.322177,12756.1481
,8756.813577,12964.9318
,9416.907561,13188.7824
,9317.441345,12603.327
,9236.059894,12112.5776
,9256.405257,12256.7891
,8915.055286,13066.0951
,8442.590756,13193.0873
,9021.30329,12751.8433
,8415.463606,12293.38
,9337.786707,12000.6523
,9012.260907,11849.9836
,8994.17614,12254.6367
,9258.665853,12900.3595
,8571.444719,13270.574
,8808.807281,12715.2523
,8499.105652,11570.1704
,9005.479119,11174.127
,8971.570182,12097.5108
,9170.502615,12926.1885
,8967.04899,13376.0421
,8820.110261,12519.383
,8648.304977,11992.0427
,8408.681818,11669.1812
,9152.417849,11787.5638
,8788.461919,12327.8186
,9039.388057,12872.3782
,9095.902953,13094.0764
,8808.807281,12336.4282
,8802.025494,11789.7162
,8315.997389,11796.1734
,8648.304977,12583.9553
,8564.662931,12635.6132
,8444.851352,12467.7252
,8921.837073,12170.6927
,8752.292385,11692.8577
,8745.510598,11432.4162
,8652.826169,12093.2059
,8580.487102,12685.1186
,8544.317569,12760.4529
,8422.245393,11710.077
,8664.129148,10853.418
,8704.819873,10898.6186
,8894.709923,11974.8234
,8580.487102,12850.8541
,8702.559277,12573.1933
,8117.064955,11908.0987
,8098.980189,10838.3511
,8182.622235,10618.8053
,8388.336456,11141.8409
,8424.505989,12366.562
,8388.336456,12885.2927
,8698.038085,12168.5403
,9003.218523,10937.362
,9636.185358,10420.7836
,9968.492946,11456.0927
,9577.409866,12540.9071
,8236.876535,12913.274
,6955.118695,12119.0348
,6405.793907,11057.8969
,7680.769959,10575.7571
,8711.60166,11385.0632
,9762.778724,11841.374
,10445.47867,12342.8855
,9138.854274,12058.7674
,7683.030555,11238.6993
,6742.622687,10752.2547
,6539.169061,11040.6776
,7556.437188,11445.3306
,8924.097669,12000.6523
,9344.568495,11682.0957
,8994.17614,10715.6638
,8300.173218,10433.6981
,7649.121617,10747.9499
,7791.539155,11481.9216
,7827.708688,11796.1734
,8433.548373,11406.5873
,8641.523189,10713.5114
,8404.160627,10474.5939
,8078.634826,10765.1692
,7603.9097,11404.4348
,7524.788846,11503.4457
,7868.399413,11232.2421
,8288.870239,10399.2595
,8523.972206,10356.2114
,8575.96591,10778.0836
,8318.257985,11684.2481
,7893.265968,11593.8469
,7707.897109,11023.4583
,7875.181201,10128.0559
,8196.18581,10190.4758
,8184.88283,11025.6108
,8110.283168,11591.6945
,8024.380526,11447.483
,7621.994467,10812.5222
,7592.606721,10100.0746
,7601.649105,10009.6734
,7296.468667,10631.7198
,7438.886204,11103.0975
,7434.365013,11029.9156
,7811.884517,10401.412
,7994.99278,9940.7963
,8180.361639,10024.7403
,8094.458997,10375.583
,8096.719593,10616.6529
,7730.503067,10700.5969
,7635.558042,10584.3668
,7551.915996,10341.1445
,7477.316334,9966.6252
,7759.890813,9884.8336
,7793.799751,9964.4728
,7863.878222,10375.583
,7884.223584,10386.3451
,7563.218975,10364.821
,7502.182888,10220.6095
,7477.316334,10203.3903
,7056.845508,10123.7511
,7696.59413,10341.1445
,7366.547138,10278.7246
,7621.994467,9876.224
,7839.011668,9531.8385
,7784.757367,9891.2909
,7859.35703,10255.0481
,7685.291151,10416.4788
,7368.807733,10222.762
,7158.572321,9990.3017
,6593.423362,9994.6065
,6943.815716,9863.3095
,6991.288229,9738.4698
,7466.013354,9688.9644
,7418.540842,9684.6595
,7445.667992,9540.4481
,7377.850117,9419.9132
,7280.644496,9559.8198
,7341.680583,9721.2505
,7432.104417,9979.5397
,7617.473276,10097.9222
,7395.934884,9831.0234
,7536.091825,9198.215
,7368.807733,8664.4174
,7563.218975,8875.3535
,7454.710375,9613.63
,7203.784237,9930.0342
,6961.900483,9536.1433
,6695.150174,9361.7981
,6502.999528,9213.2818
,6749.404474,9381.1698
,6842.088904,9411.3035
,7135.966362,9247.7204
,7201.523642,9140.0999
,7151.790533,8849.5246
,7142.74815,8701.0083
,6898.603799,8948.5355
,7095.275637,9508.162
,6941.55512,9667.4403
,7330.377604,9344.5788
,7185.699471,8828.0005
,7149.529937,8660.1126
,6961.900483,8890.4204
,6665.762428,9131.4903
,6747.143878,9239.1108
,6541.429657,8896.8776
,6656.720045,9062.6132
,6627.332299,9357.4933
,6453.26642,10054.874
,6762.968049,10063.4836
,6606.986937,9484.4855
,7036.500146,8330.7939
,6975.464058,7226.6077
,7190.220662,6809.0403
,7009.372995,7530.0975
,7041.021337,9389.7794
,6966.421675,9983.8445
,6950.597504,9617.9348
,6618.289916,8681.6367
,6701.931962,8027.3041
,6328.933649,8167.2108
,6500.738932,8233.9355
,6478.132974,8231.783
,6509.781316,8212.4114
,6412.575695,8246.8499
,6152.607173,8873.2011
,6337.976032,9097.0517
,6186.516111,9088.4421
,6512.041911,8520.2059
,6500.738932,8020.8469
,6668.023024,8134.9246
,6627.332299,8961.4499
,6704.192558,8978.6692
,6582.120382,8442.7192
,6622.811107,7609.7367
,6462.308803,7840.0445
,6480.39357,7885.2451
,6394.490928,8373.8421
,6530.126678,8916.2493
,6399.01212,9327.3595
,6304.067094,9243.4156
,6100.613469,7898.1595
,5955.935336,6828.412
,6003.407848,6847.7836
,6059.922744,7803.4535
,6078.007511,8436.262
,6240.770411,8294.2029
,6152.607173,7547.3168
,6170.69194,7226.6077
,6401.272715,7222.3029
,6389.969736,7829.2824
,6527.866082,8492.2246
,6489.435953,8944.2306
,6206.861474,8692.3987
,6179.734323,8173.668
,6028.274402,7269.6559
,5883.596269,7368.6668
,5976.280698,7538.7071
,5840.644948,7837.8921
,5725.35456,7876.6355
,5854.208523,7661.3945
,5695.966814,7368.6668
,5860.990311,7562.3836
,6041.837977,7803.4535
,5915.244611,7607.5842
,6152.607173,7261.0463
,6105.134661,7355.7523
,6220.425049,7588.2126
,6222.685644,7392.3433
,6177.473728,7284.7228
,5969.498911,7334.2282
,6050.880361,7706.5951
,5924.286994,7629.1083
,5786.390648,7409.5626
,5793.172435,7504.2686
,5560.331064,7598.9746
,5605.542981,7439.6963
,5544.506893,7471.9824
,5632.670131,7273.9608
,5659.797281,7616.1939
,5745.699923,6998.4523
,5499.294977,6899.4415
,5822.560181,6533.5318
,5589.71881,6787.5162
,6075.746915,6804.7355
,6028.274402,7329.9234
,5840.644948,7095.3108
,5974.020102,7276.1132
,5560.331064,6888.6794
,5591.979406,6856.3933
,5637.191323,6533.5318
,5497.034381,7011.3668
,5555.809873,7747.4909
,5341.053268,8599.8451
,5463.125443,8266.2216
,5435.998293,7093.1583
,5347.835056,6557.2083
,5510.597956,6189.1463
,5316.186714,6408.6921
,5535.46451,6555.0559
,5521.900935,6701.4198
,5551.288681,6434.521
,5630.409535,6671.2861
,5752.48171,7304.0945
,5700.488006,7487.0493
,5795.433031,6654.0668
,5621.367152,6137.4885
,5582.937023,6040.63
,5605.542981,6645.4571
,5083.345343,6968.3186
,5257.411222,6811.1927
,5001.963893,6527.0746
,5051.697001,5900.7234
,4990.660913,5900.7234
,5035.87283,6456.0451
,5166.987389,7222.3029
,5386.265185,7174.9499
,5230.284072,6372.1011
,5316.186714,5956.6861
,5282.277776,5657.5011
,5304.883735,6258.0234
,5381.743993,6645.4571
,5435.998293,6873.6126
,5187.332751,6658.3716
,5384.004589,6738.0108
,5198.63573,6313.9861
,5194.114539,6550.7511
,5139.860239,6638.9999
,5001.963893,6322.5957
,4965.794359,5956.6861
,4934.146018,5687.6348
,4934.146018,6313.9861
,5103.690705,6716.4867
,5069.781768,6897.2891
,5033.612234,6232.1945
,4963.533763,6081.5258
,5126.296664,6060.0017
,5047.175809,6113.812
,5151.163218,6109.5071
,5117.25428,5971.7529
,5137.599643,6137.4885
,5223.502285,5991.1246
,4979.357934,5747.9023
,4947.709593,5767.274
,4651.571538,6131.0312
,4515.935788,6193.4511
,4615.402005,6238.6517
,4683.21988,6122.4216
,4678.698688,6120.2692
,4877.631122,5502.5276
,4680.959284,5685.4824
,4918.321847,5986.8198
,4970.315551,6339.815
,4913.800655,6632.5427
,5026.830447,6501.2457
,4913.800655,5960.9909
,4979.357934,5571.4047
,4897.976484,5186.1234
,4864.067547,5093.5698
,4968.054955,5543.4234
,5008.74568,6128.8788
,4861.806951,6283.8523
,5022.309255,6049.2397
,4475.245063,5821.0842
,4554.365917,5722.0734
,4154.240454,5801.7126
,4199.452371,5861.98
,4644.78975,6032.0204
,4387.081825,5928.7047
,4938.667209,5554.1855
,4515.935788,4996.7114
,4608.620217,5302.3535
,4816.595034,5504.68
,4574.71128,5782.3409
,4983.879126,5747.9023
,4717.128817,5575.7095
,4558.887109,5319.5728
,4787.207288,5132.3132
,4312.482162,5007.4734
,4452.639104,5397.0595
,4536.28115,5547.7282
,4208.494754,5472.3939
,4753.298351,5321.7252
,4405.166592,5468.0891
,4712.607626,5681.1776
,4563.4083,5767.274
,4246.924883,5726.3782
,4660.613921,5459.4794
,4405.166592,5160.2945
,4604.099025,5310.9632
,4662.874517,5347.5541
,4484.287446,5635.977
,4592.796046,5719.921
,4384.821229,5414.2788
,4502.372213,4992.4065
,4418.730167,4766.4035
,4145.198071,4858.9571
,4262.749054,5046.2168
,4129.3739,5267.915
,4183.6282,5130.1608
,4267.270246,4992.4065
,4267.270246,4927.8342
,4298.918587,5188.2758
,4393.863613,5504.68
,4176.846412,5310.9632
,4344.130504,4510.2668
,4149.719262,4426.3228
,4244.664287,4609.2776
,4400.6454,5119.3987
,4181.367604,5302.3535
,4522.717575,5261.4577
,4262.749054,5061.2836
,4405.166592,4837.433
,4312.482162,4779.318
,4321.524546,5117.2463
,4190.409987,5354.0114
,4224.318925,5239.9336
,3998.259341,4747.0318
,4045.731854,4712.5933
,3980.174575,4994.5589
,4059.295429,5478.8511
,4102.24675,5442.2602
,4149.719262,5143.0752
,4161.022241,4863.262
,4280.833821,4835.2806
,4070.598408,4990.2541
,4240.143096,5052.674
,4038.950066,4951.5108
,4086.422579,4587.7535
,4106.767941,4361.7505
,3986.956362,4290.721
,4115.810325,4602.8204
,3826.454058,4940.7487
,3731.509032,4807.2993
,3824.193462,4544.7053
,3600.394474,4258.4348
,4072.859004,4374.665
,3889.750741,4551.1626
,3914.617295,4910.615
,4188.149391,4727.6602
,3835.496441,4731.965
,4326.045738,4544.7053
,3896.532529,4680.3071
,4163.282837,4635.1065
,3783.502737,4716.8981
,3851.320612,4484.4379
,4165.543433,4701.8312
,3785.763333,4585.6011
,4061.556025,4546.8577
,3799.326908,4635.1065
,3783.502737,4572.6867
,3826.454058,4850.3475
,3491.885874,4921.377
,3914.617295,4975.1873
,3503.188853,4650.1734
,3794.805716,4258.4348
,3946.265637,4191.7102
,3602.65507,4508.1144
,4014.083512,4800.8421
,3519.013024,4867.5668
,3620.739837,4508.1144
,3799.326908,4146.5095
,3464.758724,4219.6915
,4176.846412,4295.0258
,3772.199758,4486.5903
,4149.719262,4391.8842
,3733.769628,4208.9294
,3663.691157,3918.3541
,3668.212349,3972.1644
,3419.546807,4279.9589
,3756.375587,4441.3897
,3430.849786,4267.0445
,3760.896778,3864.5439
,3548.40077,3851.6294
,3745.072608,4025.9746
,3810.629887,4497.3523
,3559.703749,4581.2963
,3824.193462,4553.315
,3598.133878,4409.1035
,3747.333203,4219.6915
,3867.144783,4372.5126
,3555.182557,4740.5746
,3930.441466,4805.1469
,3403.722636,4282.1114
,3790.284524,3957.0975
,3489.625278,3718.18
,3247.741523,3978.6216
,3767.678566,4374.665
,3039.766707,4454.3041
,3724.727245,4323.0071
,3191.226628,3972.1644
,3378.856082,3787.0571
,3491.885874,3750.4662
,3130.19054,3769.8379
,3564.224941,3843.0198
,3229.656757,3944.183
,3627.521624,4109.9186
,3444.413361,4441.3897
,3586.830899,4501.6571
,3584.570303,4101.3089
,3453.455745,3879.6108
,3690.818307,3713.8752
,3381.116678,3871.0011
,3604.915666,3761.2282
,3252.262715,3774.1427
,3534.837195,3776.2951
,3464.758724,3868.8487
,3098.542198,4015.2126
,3415.025615,4185.2529
,3112.105773,4137.8999
,3363.031911,3849.477
,3306.517015,3642.8457
,3146.014711,3746.1614
,3659.169966,4124.9855
,3146.014711,4232.6059
,3613.958049,4350.9885
,3412.76502,4204.6246
,3419.546807,4135.7475
,3566.485536,3957.0975
,3141.493519,4187.4053
,3604.915666,4168.0336
,3053.330282,3853.7818
,3315.559399,3330.7463
,3089.499815,3431.9095
,3247.741523,3477.1102
,3071.415048,3627.7788
,2990.033598,3425.4523
,3107.584582,3468.5005
,3096.281602,3709.5704
,3356.250124,3840.8674
,3254.523311,3776.2951
,3322.341186,3375.9469
,3378.856082,3319.9842
,3069.154452,3563.2065
,3277.129269,3776.2951
,3170.881265,4090.5469
,3329.122974,3802.124
,3410.504424,3617.0168
,3259.044503,3847.3246
,3442.152765,4058.2608
,3202.529607,4230.4535
,3243.220332,3660.065
,3177.663053,3180.0776
,3213.832586,2902.4168
,3080.457432,2956.227
,3109.845177,3752.6186
,2874.74321,3920.5065
,3114.366369,4247.6728
,2935.779298,4000.1457
,2906.391552,3595.4927
,2906.391552,3416.8427
,2867.961423,3266.174
,3026.203131,3451.2812
,3008.118365,3612.712
,3261.305098,3688.0463
,3127.929944,3584.7306
,3277.129269,3210.2114
,2865.700827,3421.1475
,2996.815386,3617.0168
,2809.185931,3776.2951
,2888.306785,3554.5969
,2965.167044,2895.9595
,3069.154452,2930.3981
,3139.232923,3350.118
,3170.881265,4045.3463
,3071.415048,3586.883
,2935.779298,3016.4945
,3048.80909,2736.6812
,2770.755802,2697.9379
,3161.838882,3793.5144
,3098.542198,3909.7445
,3216.093182,4045.3463
,3082.718027,3655.7602
,3019.421344,3050.933
,3109.845177,3003.58
,2996.815386,3106.8957
,2883.785594,3515.8535
,2725.543885,3720.3324
,2678.071373,3672.9794
,2752.671035,3604.1023
,2854.397848,3231.7355
,3019.421344,3647.1505
,3089.499815,3612.712
,2822.749506,3477.1102
,2750.410439,2977.7511
,2650.944223,3001.4276
,2664.507798,3356.5752
,2913.17334,3741.8565
,2757.192227,3827.9529
,3130.19054,3393.1662
,3035.245515,2913.1788
,2892.827977,2691.4806
,2881.524998,2982.0559
,2675.810777,3429.7571
,2770.755802,3347.9656
,2707.459119,2820.6252
,3003.597173,2751.7481
,3127.929944,1744.4204
,3225.135565,827.4939
,3082.718027,1864.9553
,2766.23461,6374.2535
,2834.052485,5192.5806
,2544.696218,2908.874
,2870.222019,2768.9674
,2698.416735,3201.6017
,2721.022694,2512.8306
,2949.342873,3289.8505
,2384.193914,4325.1595
,1735.402909,4303.6355
,1895.905213,1783.1638
,1649.500267,-194.9007
,1565.858221,1567.9228
,1631.4155,6339.815
,3195.747819,6865.0029
,1418.919492,2721.6144
,2648.683627,1417.2541
,2088.055859,1957.5089
,2657.72601,2598.927
,2320.89723,2517.1355
,2614.774689,3341.5083
,1993.110834,3875.3059
,3528.055407,2891.6547
,3415.025615,3059.5427
,3028.463727,3335.0511
,2506.266089,3976.4692
,1923.032363,4985.9493
,3247.741523,3149.9439
,2510.787281,2581.7077
,3032.984919,2338.4855
,3415.025615,3711.7228
,2786.579973,3298.4602
,2637.380648,3231.7355
,2381.933318,3881.7632
,2318.636635,3709.5704
,2662.247202,2502.0686
,2589.908135,874.8469
,2311.854847,614.4053
,2411.321064,2189.9692
,2189.782672,3078.9144
,2388.715106,3076.762
,3100.802794,2568.7933
,3769.939162,3128.4198
,2542.435622,3182.23
,3195.747819,3188.6873
,1423.440683,3739.7041
,2183.000884,5450.8698
,2024.759176,6477.5692
,2228.212801,6090.1355
,2994.55479,3888.2204
,3182.184244,1996.2523
,2836.313081,1294.5668
,2725.543885,1219.2324
,2151.352543,1598.0565
,1898.165809,2768.9674
,2368.369743,4165.8812
,2180.740289,5181.8186
,3082.718027,4759.9463
,3089.499815,3509.3963
,2960.645852,1849.8885
,2506.266089,1363.4439
,2485.920727,1486.1312
,2115.183009,2144.7686
,2470.096556,3005.7324
,2700.677331,2997.1228
,2854.397848,2568.7933
,2949.342873,2545.1168
,2540.175027,3763.3806
,2366.109147,4919.2246
,2121.964797,4886.9385
,2203.346247,3524.4632
,2153.613139,3210.2114
,2537.914431,4163.7288
,2427.145235,3855.9342
