0,-0.131241575
0.01,-0.131241575
0.02,-0.131202991
0.03,-0.131151143
0.04,-0.131108566
0.05,-0.131064734
0.06,-0.1310177
0.07,-0.130963398
0.08,-0.1309209
0.09,-0.130870816
0.1,-0.13082398
0.11,-0.130776363
0.12,-0.130730873
0.13,-0.130681875
0.14,-0.130635107
0.15,-0.130587905
0.16,-0.130544074
0.17,-0.130497788
0.18,-0.130451846
0.19,-0.130404195
0.2,-0.130362068
0.21,-0.130318629
0.22,-0.130278353
0.23,-0.130238877
0.24,-0.130201836
0.25,-0.130166347
0.26,-0.130133895
0.27,-0.130104531
0.28,-0.130077631
0.29,-0.130055572
0.3,-0.130034159
0.31,-0.130020103
0.32,-0.130007477
0.33,-0.130000399
0.34,-0.129995802
0.35,-0.129997829
0.36,-0.130009606
0.37,-0.130018918
0.38,-0.13003416
0.39,-0.130065072
0.4,-0.130088044
0.41,-0.130128305
0.42,-0.130163523
0.43,-0.130213205
0.44,-0.130261827
0.45,-0.130320741
0.46,-0.130375195
0.47,-0.130451148
0.48,-0.130523053
0.49,-0.130598896
0.5,-0.130686661
0.51,-0.130769651
0.52,-0.130863988
0.53,-0.130952946
0.54,-0.131064248
0.55,-0.13115203
0.56,-0.131267048
0.57,-0.131359618
0.58,-0.131493442
0.59,-0.131578791
0.6,-0.131712848
0.61,-0.131809753
0.62,-0.131942012
0.63,-0.132025835
0.64,-0.132154451
0.65,-0.132263823
0.66,-0.132369906
0.67,-0.132472556
0.68,-0.132587602
0.69,-0.132669852
0.7,-0.13277522
0.71,-0.132858522
0.72,-0.132952347
0.73,-0.133023222
0.74,-0.133103796
0.75,-0.133177292
0.76,-0.133226336
0.77,-0.133308128
0.78,-0.133329288
0.79,-0.133358731
0.8,-0.133391392
0.81,-0.133416026
0.82,-0.133432398
0.83,-0.133439778
0.84,-0.133437951
0.85,-0.133428707
0.86,-0.133409805
0.87,-0.133381998
0.88,-0.133345036
0.89,-0.133298362
0.9,-0.133243305
0.91,-0.133178575
0.92,-0.133104733
0.93,-0.13302217
0.94,-0.132930254
0.95,-0.132829485
0.96,-0.132719598
0.97,-0.132600906
0.98,-0.132474114
0.99,-0.132340077
1,-0.13219607
1.01,-0.132045883
1.02,-0.131887465
1.03,-0.131721546
1.04,-0.131548657
1.05,-0.131368467
1.06,-0.131182175
1.07,-0.130989304
1.08,-0.130790196
1.09,-0.130586224
1.1,-0.130376626
1.11,-0.130161742
1.12,-0.12994191
1.13,-0.129717466
1.14,-0.129489903
1.15,-0.129257191
1.16,-0.129021952
1.17,-0.128782319
1.18,-0.128541206
1.19,-0.128295953
1.2,-0.128049936
1.21,-0.12780112
1.22,-0.127550659
1.23,-0.127298808
1.24,-0.127045864
1.25,-0.126792114
1.26,-0.126537904
1.27,-0.126282685
1.28,-0.126028958
1.29,-0.125774201
1.3,-0.1255212
1.31,-0.125267999
1.32,-0.125016892
1.33,-0.124766295
1.34,-0.124517401
1.35,-0.124271372
1.36,-0.124026534
1.37,-0.123784102
1.38,-0.123544289
1.39,-0.123307308
1.4,-0.123073368
1.41,-0.122842666
1.42,-0.122615397
1.43,-0.122391747
1.44,-0.122171894
1.45,-0.121954948
1.46,-0.121744281
1.47,-0.121535759
1.48,-0.121333861
1.49,-0.121134371
1.5,-0.120941717
1.51,-0.12075288
1.52,-0.120569031
1.53,-0.120390278
1.54,-0.120217986
1.55,-0.120049703
1.56,-0.119888199
1.57,-0.119731649
1.58,-0.119581034
1.59,-0.119436198
1.6,-0.119297287
1.61,-0.119164526
1.62,-0.119037728
1.63,-0.118917021
1.64,-0.118802783
1.65,-0.118695004
1.66,-0.118593875
1.67,-0.118498968
1.68,-0.118410852
1.69,-0.118329248
1.7,-0.118254735
1.71,-0.118187107
1.72,-0.118126121
1.73,-0.1180727
1.74,-0.118026222
1.75,-0.117987414
1.76,-0.117955637
1.77,-0.118009796
1.78,-0.117914428
1.79,-0.117982425
1.8,-0.117904675
1.81,-0.117986879
1.82,-0.117926991
1.83,-0.117951019
1.84,-0.117984974
1.85,-0.118028464
1.86,-0.118083347
1.87,-0.118148652
1.88,-0.118225084
1.89,-0.118312973
1.9,-0.118413082
1.91,-0.11852514
1.92,-0.118650154
1.93,-0.118788353
1.94,-0.118939044
1.95,-0.119103694
1.96,-0.119282194
1.97,-0.119475409
1.98,-0.119681405
1.99,-0.119903104
2,-0.12013921
2.01,-0.120390123
2.02,-0.120656623
2.03,-0.120938798
2.04,-0.121236287
2.05,-0.121549334
2.06,-0.121878373
2.07,-0.122223588
2.08,-0.122585396
2.09,-0.122962409
2.1,-0.123355342
2.11,-0.123763435
2.12,-0.124188066
2.13,-0.124628537
2.14,-0.125084651
2.15,-0.125556878
2.16,-0.126044106
2.17,-0.126546592
2.18,-0.127063997
2.19,-0.127596145
2.2,-0.128141954
2.21,-0.128702699
2.22,-0.129276733
2.23,-0.129864056
2.24,-0.130464474
2.25,-0.131076953
2.26,-0.131701559
2.27,-0.132337411
2.28,-0.132984427
2.29,-0.13364152
2.3,-0.134308691
2.31,-0.134985096
2.32,-0.135670225
2.33,-0.136363243
2.34,-0.137064326
2.35,-0.137772139
2.36,-0.138486927
2.37,-0.139208008
2.38,-0.139935149
2.39,-0.140667567
2.4,-0.141403721
2.41,-0.142144168
2.42,-0.142887582
2.43,-0.143633329
2.44,-0.144380104
2.45,-0.145128029
2.46,-0.145875678
2.47,-0.146622627
2.48,-0.147368413
2.49,-0.148110444
2.5,-0.148850007
2.51,-0.149585318
2.52,-0.150315584
2.53,-0.151040236
2.54,-0.151758131
2.55,-0.152468829
2.56,-0.153171302
2.57,-0.153864792
2.58,-0.154548627
2.59,-0.155222086
2.6,-0.155884127
2.61,-0.156534181
2.62,-0.157171578
2.63,-0.157795497
2.64,-0.15840533
2.65,-0.159000573
2.66,-0.159580249
2.67,-0.160143938
2.68,-0.160691048
2.69,-0.16122104
2.7,-0.161733447
2.71,-0.162227898
2.72,-0.162704179
2.73,-0.163161744
2.74,-0.1636005
2.75,-0.164020114
2.76,-0.16441933
2.77,-0.164798772
2.78,-0.165157423
2.79,-0.165494903
2.8,-0.165810987
2.81,-0.166105321
2.82,-0.166377642
2.83,-0.166627447
2.84,-0.166854876
2.85,-0.167059308
2.86,-0.167240896
2.87,-0.167399335
2.88,-0.167533886
2.89,-0.167645075
2.9,-0.167732506
2.91,-0.167796275
2.92,-0.167836337
2.93,-0.167852505
2.94,-0.167844891
2.95,-0.167813564
2.96,-0.16775842
2.97,-0.167679808
2.98,-0.167577736
2.99,-0.167451871
3,-0.167303205
3.01,-0.167131377
3.02,-0.166936725
3.03,-0.166719452
3.04,-0.166479635
3.05,-0.166217868
3.06,-0.165934401
3.07,-0.165629189
3.08,-0.165302566
3.09,-0.164955198
3.1,-0.164587165
3.11,-0.164198978
3.12,-0.163790745
3.13,-0.163363034
3.14,-0.162916393
3.15,-0.162450632
3.16,-0.161966877
3.17,-0.161464891
3.18,-0.160945642
3.19,-0.160409557
3.2,-0.15985651
3.21,-0.159287653
3.22,-0.158703194
3.23,-0.158103554
3.24,-0.157488974
3.25,-0.156859997
3.26,-0.156218039
3.27,-0.155562631
3.28,-0.154894961
3.29,-0.15421535
3.3,-0.153524184
3.31,-0.152821951
3.32,-0.152109613
3.33,-0.151387841
3.34,-0.150656814
3.35,-0.149917358
3.36,-0.149169852
3.37,-0.148415303
3.38,-0.147654317
3.39,-0.146887029
3.4,-0.146114906
3.41,-0.145338008
3.42,-0.144556484
3.43,-0.143772099
3.44,-0.142984547
3.45,-0.142195379
3.46,-0.141404346
3.47,-0.140612543
3.48,-0.139820185
3.49,-0.139028303
3.5,-0.13823698
3.51,-0.137447446
3.52,-0.136660208
3.53,-0.135875043
3.54,-0.135093603
3.55,-0.134315594
3.56,-0.133541365
3.57,-0.132772428
3.58,-0.132007922
3.59,-0.131249156
3.6,-0.130496881
3.61,-0.129749827
3.62,-0.129010292
3.63,-0.128277496
3.64,-0.12755203
3.65,-0.126834228
3.66,-0.126124399
3.67,-0.125422438
3.68,-0.124729296
3.69,-0.124044477
3.7,-0.123368877
3.71,-0.122701587
3.72,-0.122043686
3.73,-0.121395321
3.74,-0.120756023
3.75,-0.120126018
3.76,-0.119505654
3.77,-0.11889481
3.78,-0.118293864
3.79,-0.117702329
3.8,-0.117120323
3.81,-0.116548191
3.82,-0.115985595
3.83,-0.115433126
3.84,-0.114889806
3.85,-0.114356168
3.86,-0.11383272
3.87,-0.113318773
3.88,-0.112813979
3.89,-0.11231829
3.9,-0.111832775
3.91,-0.111356362
3.92,-0.110889363
3.93,-0.110431833
3.94,-0.109983648
3.95,-0.109544316
3.96,-0.109114514
3.97,-0.108693948
3.98,-0.108281728
3.99,-0.107878212
4,-0.107483946
4.01,-0.107098084
4.02,-0.106720927
4.03,-0.106352559
4.04,-0.105991922
4.05,-0.105639823
4.06,-0.10529585
4.07,-0.104959495
4.08,-0.104631261
4.09,-0.104310539
4.1,-0.103997562
4.11,-0.103691337
4.12,-0.10339263
4.13,-0.103100937
4.14,-0.102815804
4.15,-0.102537541
4.16,-0.102265003
4.17,-0.101999213
4.18,-0.101738907
4.19,-0.101484568
4.2,-0.101235674
4.21,-0.100992112
4.22,-0.100753414
4.23,-0.100519352
4.24,-0.100289783
4.25,-0.100064832
4.26,-0.099843859
4.27,-0.09962667
4.28,-0.099413229
4.29,-0.099202968
4.3,-0.09899609
4.31,-0.09879233
4.32,-0.098591525
4.33,-0.098392747
4.34,-0.098196297
4.35,-0.098002388
4.36,-0.097810346
4.37,-0.097619854
4.38,-0.097431104
4.39,-0.097243802
4.4,-0.097057713
4.41,-0.096872341
4.42,-0.096688189
4.43,-0.096504399
4.44,-0.096321327
4.45,-0.0961382
4.46,-0.095955544
4.47,-0.095772153
4.48,-0.095588608
4.49,-0.095404537
4.5,-0.095219736
4.51,-0.095034134
4.52,-0.094847055
4.53,-0.094658882
4.54,-0.094468816
4.55,-0.094276522
4.56,-0.094082862
4.57,-0.093886083
4.58,-0.09368683
4.59,-0.093484614
4.6,-0.093279414
4.61,-0.093070257
4.62,-0.092857914
4.63,-0.092640818
4.64,-0.0924185
4.65,-0.092192092
4.66,-0.091960304
4.67,-0.091722677
4.68,-0.09147926
4.69,-0.091229336
4.7,-0.090972499
4.71,-0.090708815
4.72,-0.09043752
4.73,-0.090158389
4.74,-0.089870712
4.75,-0.089573193
4.76,-0.089267353
4.77,-0.08895164
4.78,-0.088626058
4.79,-0.088289782
4.8,-0.087943039
4.81,-0.087585009
4.82,-0.087215443
4.83,-0.086833904
4.84,-0.086440142
4.85,-0.086033673
4.86,-0.085614639
4.87,-0.085182584
4.88,-0.084737532
4.89,-0.084278802
4.9,-0.083806545
4.91,-0.083320659
4.92,-0.082820704
4.93,-0.082307002
4.94,-0.081779976
4.95,-0.081238807
4.96,-0.080683967
4.97,-0.080115332
4.98,-0.079533927
4.99,-0.078938526
5,-0.078330331
5.01,-0.077708668
5.02,-0.077074024
5.03,-0.076426762
5.04,-0.075766774
5.05,-0.075094414
5.06,-0.074410008
5.07,-0.073716513
5.08,-0.073009234
5.09,-0.072295171
5.1,-0.071569882
5.11,-0.070835556
5.12,-0.070092886
5.13,-0.069342546
5.14,-0.06858509
5.15,-0.067821523
5.16,-0.067052037
5.17,-0.066277696
5.18,-0.065498838
5.19,-0.0647167
5.2,-0.063931541
5.21,-0.063144309
5.22,-0.062354958
5.23,-0.061565593
5.24,-0.060775686
5.25,-0.05998604
5.26,-0.059197347
5.27,-0.058410541
5.28,-0.057625325
5.29,-0.05684368
5.3,-0.056064789
5.31,-0.055289445
5.32,-0.054518656
5.33,-0.05375285
5.34,-0.052991937
5.35,-0.052236596
5.36,-0.051487471
5.37,-0.050744612
5.38,-0.050008879
5.39,-0.049280075
5.4,-0.048558919
5.41,-0.047846257
5.42,-0.047141141
5.43,-0.04644485
5.44,-0.045757257
5.45,-0.045078706
5.46,-0.044408991
5.47,-0.043749634
5.48,-0.043099813
5.49,-0.042460901
5.5,-0.041832471
5.51,-0.041217045
5.52,-0.040612932
5.53,-0.040021834
5.54,-0.03944433
5.55,-0.03888039
5.56,-0.03833194
5.57,-0.037798225
5.58,-0.037280924
5.59,-0.036780547
5.6,-0.036298019
5.61,-0.035833353
5.62,-0.035388087
5.63,-0.034962772
5.64,-0.034557963
5.65,-0.034175397
5.66,-0.033814751
5.67,-0.03347772
5.68,-0.033164668
5.69,-0.032876092
5.7,-0.032613453
5.71,-0.032376571
5.72,-0.032166851
5.73,-0.031984269
5.74,-0.031829991
5.75,-0.031703983
5.76,-0.031607333
5.77,-0.031539542
5.78,-0.031501032
5.79,-0.031492026
5.8,-0.031512576
5.81,-0.031562279
5.82,-0.031641811
5.83,-0.031750087
5.84,-0.031887267
5.85,-0.032052899
5.86,-0.0322459
5.87,-0.032466269
5.88,-0.032713529
5.89,-0.032985975
5.9,-0.033284141
5.91,-0.033606361
5.92,-0.033951716
5.93,-0.034319696
5.94,-0.034709704
5.95,-0.035120022
5.96,-0.035550256
5.97,-0.035999545
5.98,-0.036466696
5.99,-0.036950717
6,-0.03745115
6.01,-0.037966532
6.02,-0.038496042
6.03,-0.039039352
6.04,-0.039595091
6.05,-0.040161952
6.06,-0.040740312
6.07,-0.041328542
6.08,-0.041925701
6.09,-0.042531574
6.1,-0.043144832
6.11,-0.043765332
6.12,-0.044391816
6.13,-0.045023853
6.14,-0.045660776
6.15,-0.046301526
6.16,-0.046945966
6.17,-0.047593215
6.18,-0.048242462
6.19,-0.048893358
6.2,-0.049545157
6.21,-0.050196973
6.22,-0.050848899
6.23,-0.051499715
6.24,-0.052149373
6.25,-0.052797245
6.26,-0.053442041
6.27,-0.05408474
6.28,-0.054723604
6.29,-0.055358673
6.3,-0.055989485
6.31,-0.05661536
6.32,-0.057236335
6.33,-0.057851535
6.34,-0.058460727
6.35,-0.059063379
6.36,-0.059659482
6.37,-0.060248597
6.38,-0.060830069
6.39,-0.061404037
6.4,-0.061969756
6.41,-0.062527699
6.42,-0.06307715
6.43,-0.063617996
6.44,-0.064150057
6.45,-0.064673132
6.46,-0.065186862
6.47,-0.065691599
6.48,-0.066186515
6.49,-0.066672197
6.5,-0.067148498
6.51,-0.067615033
6.52,-0.068071865
6.53,-0.068519329
6.54,-0.068957044
6.55,-0.069385367
6.56,-0.069803876
6.57,-0.070212953
6.58,-0.070612449
6.59,-0.071002849
6.6,-0.071383857
6.61,-0.071755846
6.62,-0.072119076
6.63,-0.072473435
6.64,-0.072819024
6.65,-0.073156411
6.66,-0.073485665
6.67,-0.073807041
6.68,-0.074120607
6.69,-0.074426459
6.7,-0.074725156
6.71,-0.07501694
6.72,-0.075301851
6.73,-0.075580252
6.74,-0.075852698
6.75,-0.076118808
6.76,-0.076379372
6.77,-0.076634653
6.78,-0.07688479
6.79,-0.07713011
6.8,-0.077370952
6.81,-0.077607743
6.82,-0.077840302
6.83,-0.078069341
6.84,-0.078295129
6.85,-0.078517918
6.86,-0.078737568
6.87,-0.078955111
6.88,-0.079170481
6.89,-0.079383865
6.9,-0.079595638
6.91,-0.079806167
6.92,-0.080015531
6.93,-0.080224133
6.94,-0.080432451
6.95,-0.080640135
6.96,-0.080847732
6.97,-0.081055898
6.98,-0.081264093
6.99,-0.081473234
7,-0.081682717
7.01,-0.081893471
7.02,-0.082105561
7.03,-0.082319205
7.04,-0.082533812
7.05,-0.082750288
7.06,-0.082968407
7.07,-0.08318842
7.08,-0.083410334
7.09,-0.083634277
7.1,-0.083860048
7.11,-0.084087778
7.12,-0.084317899
7.13,-0.084549907
7.14,-0.084784308
7.15,-0.085020051
7.16,-0.08525822
7.17,-0.085497983
7.18,-0.085739754
7.19,-0.085982736
7.2,-0.086227359
7.21,-0.086473485
7.22,-0.086721008
7.23,-0.086969702
7.24,-0.087219056
7.25,-0.087469189
7.26,-0.087720181
7.27,-0.087971171
7.28,-0.088222821
7.29,-0.088473447
7.3,-0.08872444
7.31,-0.088974216
7.32,-0.089223479
7.33,-0.089471071
7.34,-0.089717248
7.35,-0.089962252
7.36,-0.090204167
7.37,-0.090444094
7.38,-0.090681241
7.39,-0.09091508
7.4,-0.091145771
7.41,-0.091371973
7.42,-0.091594319
7.43,-0.091811799
7.44,-0.092024307
7.45,-0.092230697
7.46,-0.092431262
7.47,-0.092625725
7.48,-0.092813102
7.49,-0.09299288
7.5,-0.093165019
7.51,-0.093328776
7.52,-0.093483708
7.53,-0.09362933
7.54,-0.093765152
7.55,-0.093890573
7.56,-0.094004938
7.57,-0.094108086
7.58,-0.094199006
7.59,-0.094277507
7.6,-0.09434327
7.61,-0.094395697
7.62,-0.094433235
7.63,-0.094456907
7.64,-0.094465478
7.65,-0.094458243
7.66,-0.094435939
7.67,-0.094396902
7.68,-0.094341551
7.69,-0.094268842
7.7,-0.094179227
7.71,-0.094072058
7.72,-0.093947079
7.73,-0.093803814
7.74,-0.093642323
7.75,-0.093462132
7.76,-0.093263878
7.77,-0.093046308
7.78,-0.092809828
7.79,-0.092554425
7.8,-0.092279722
7.81,-0.091985536
7.82,-0.091672509
7.83,-0.091339256
7.84,-0.090987479
7.85,-0.090616106
7.86,-0.090225756
7.87,-0.089815964
7.88,-0.089387322
7.89,-0.088939863
7.9,-0.08847385
7.91,-0.087988689
7.92,-0.087486028
7.93,-0.086964977
7.94,-0.086426558
7.95,-0.085870249
7.96,-0.085297593
7.97,-0.084707939
7.98,-0.084102273
7.99,-0.083480764
8,-0.082843842
8.01,-0.0821924
8.02,-0.081526868
8.03,-0.080847696
8.04,-0.080155885
8.05,-0.079451901
8.06,-0.07873662
8.07,-0.078010486
8.08,-0.077274715
8.09,-0.07652992
8.1,-0.075777152
8.11,-0.07501717
8.12,-0.074251287
8.13,-0.073479925
8.14,-0.072704923
8.15,-0.071926715
8.16,-0.071147033
8.17,-0.070366259
8.18,-0.069586253
8.19,-0.068807754
8.2,-0.068032172
8.21,-0.067260543
8.22,-0.066494524
8.23,-0.065735226
8.24,-0.064983197
8.25,-0.064241015
8.26,-0.063508948
8.27,-0.062788516
8.28,-0.062080898
8.29,-0.061387793
8.3,-0.060710244
8.31,-0.060049004
8.32,-0.05940638
8.33,-0.058782433
8.34,-0.058179172
8.35,-0.057597376
8.36,-0.057038203
8.37,-0.05650265
8.38,-0.0559922
8.39,-0.055507245
8.4,-0.055049037
8.41,-0.054618364
8.42,-0.054216422
8.43,-0.053843704
8.44,-0.053501269
8.45,-0.053188821
8.46,-0.052908283
8.47,-0.052658498
8.48,-0.052441595
8.49,-0.052256912
8.5,-0.052104664
8.51,-0.051985228
8.52,-0.051898161
8.53,-0.051844193
8.54,-0.051822969
8.55,-0.051834357
8.56,-0.051877308
8.57,-0.05195178
8.58,-0.0520577
8.59,-0.052193646
8.6,-0.052359305
8.61,-0.05255424
8.62,-0.052777714
8.63,-0.05302825
8.64,-0.053304501
8.65,-0.053606511
8.66,-0.053932325
8.67,-0.054281012
8.68,-0.054652197
8.69,-0.055043639
8.7,-0.055454456
8.71,-0.055883523
8.72,-0.056329634
8.73,-0.056791138
8.74,-0.057267477
8.75,-0.057756756
8.76,-0.058258761
8.77,-0.058771234
8.78,-0.059293235
8.79,-0.059823615
8.8,-0.060361756
8.81,-0.060905974
8.82,-0.061455377
8.83,-0.06200864
8.84,-0.062564604
8.85,-0.063123487
8.86,-0.063683127
8.87,-0.064242592
8.88,-0.064801495
8.89,-0.065358898
8.9,-0.065913794
8.91,-0.066465774
8.92,-0.067013784
8.93,-0.067556797
8.94,-0.068095189
8.95,-0.068627037
8.96,-0.069152283
8.97,-0.069670017
8.98,-0.0701797
8.99,-0.070681277
9,-0.07117309
9.01,-0.071655658
9.02,-0.072127523
9.03,-0.072588435
9.04,-0.073037762
9.05,-0.073474971
9.06,-0.073899896
9.07,-0.074311645
9.08,-0.074709672
9.09,-0.075093666
9.1,-0.075462598
9.11,-0.075816302
9.12,-0.07615431
9.13,-0.07647615
9.14,-0.076781084
9.15,-0.07706895
9.16,-0.077339309
9.17,-0.077591269
9.18,-0.077824274
9.19,-0.078038894
9.2,-0.078233129
9.21,-0.078407721
9.22,-0.078562111
9.23,-0.078695394
9.24,-0.078806707
9.25,-0.078896747
9.26,-0.078964594
9.27,-0.079009651
9.28,-0.079031819
9.29,-0.07902905
9.3,-0.079001375
9.31,-0.078946626
9.32,-0.078865358
9.33,-0.078755896
9.34,-0.078617789
9.35,-0.078450626
9.36,-0.078254173
9.37,-0.078027518
9.38,-0.077771507
9.39,-0.077485084
9.4,-0.077168394
9.41,-0.07682194
9.42,-0.076445421
9.43,-0.076038792
9.44,-0.075602439
9.45,-0.075136727
9.46,-0.074641935
9.47,-0.074118349
9.48,-0.073566823
9.49,-0.07298795
9.5,-0.072382108
9.51,-0.07174999
9.52,-0.071092697
9.53,-0.070410706
9.54,-0.069704802
9.55,-0.06897564
9.56,-0.068224796
9.57,-0.0674526
9.58,-0.0666601
9.59,-0.06584844
9.6,-0.065018377
9.61,-0.064171066
9.62,-0.063307412
9.63,-0.062428584
9.64,-0.061535871
9.65,-0.06062994
9.66,-0.059712294
9.67,-0.058784185
9.68,-0.0578467
9.69,-0.056901001
9.7,-0.055948781
9.71,-0.054991174
9.72,-0.054030224
9.73,-0.053067644
9.74,-0.052105549
9.75,-0.051144577
9.76,-0.050187596
9.77,-0.049236996
9.78,-0.048295452
9.79,-0.04736587
9.8,-0.046450408
9.81,-0.045552351
9.82,-0.044675778
9.83,-0.043823487
9.84,-0.043000259
9.85,-0.042209965
9.86,-0.041455899
9.87,-0.040743306
9.88,-0.040077156
9.89,-0.039460891
9.9,-0.038899852
9.91,-0.038399056
9.92,-0.037961183
9.93,-0.037592258
9.94,-0.037294824
9.95,-0.0370725
9.96,-0.03692709
9.97,-0.036861931
9.98,-0.036877376
9.99,-0.036974627
10,-0.0371537
10.01,-0.037413533
10.02,-0.037752747
10.03,-0.038168543
10.04,-0.0386585
10.05,-0.039219666
10.06,-0.039848845
10.07,-0.040541701
10.08,-0.041294344
10.09,-0.042104255
10.1,-0.042965876
10.11,-0.043876273
10.12,-0.044831758
10.13,-0.045828383
10.14,-0.046862769
10.15,-0.047931112
10.16,-0.049030752
10.17,-0.050157768
10.18,-0.051309269
10.19,-0.052482865
10.2,-0.053675939
10.21,-0.054886044
10.22,-0.056110379
10.23,-0.057347723
10.24,-0.058595089
10.25,-0.05985119
10.26,-0.061113763
10.27,-0.062381454
10.28,-0.063652935
10.29,-0.064926653
10.3,-0.066201053
10.31,-0.06747497
10.32,-0.068747859
10.33,-0.070019359
10.34,-0.071288169
10.35,-0.072554595
10.36,-0.07381785
10.37,-0.075077814
10.38,-0.076335044
10.39,-0.077589513
10.4,-0.078841941
10.41,-0.080091937
10.42,-0.081340649
10.43,-0.082588251
10.44,-0.083836061
10.45,-0.085084514
10.46,-0.086334239
10.47,-0.087585924
10.48,-0.088840985
10.49,-0.090099687
10.5,-0.091363027
10.51,-0.092632504
10.52,-0.093907535
10.53,-0.095190443
10.54,-0.096480795
10.55,-0.097780178
10.56,-0.099088869
10.57,-0.100407581
10.58,-0.101737465
10.59,-0.10307895
10.6,-0.104431552
10.61,-0.10579697
10.62,-0.107174296
10.63,-0.108563535
10.64,-0.109965321
10.65,-0.111379268
10.66,-0.112804446
10.67,-0.114241382
10.68,-0.11568805
10.69,-0.117144605
10.7,-0.118609674
10.71,-0.120082394
10.72,-0.121561272
10.73,-0.123045613
10.74,-0.12453325
10.75,-0.126023492
10.76,-0.127514293
10.77,-0.129004198
10.78,-0.130491611
10.79,-0.131975351
10.8,-0.133453622
10.81,-0.134924264
10.82,-0.136387543
10.83,-0.137839295
10.84,-0.139280898
10.85,-0.140709526
10.86,-0.142124645
10.87,-0.143524631
10.88,-0.144909071
10.89,-0.146276597
10.9,-0.147626948
10.91,-0.148959096
10.92,-0.15027222
10.93,-0.151566303
10.94,-0.152840641
10.95,-0.154094757
10.96,-0.155329721
10.97,-0.156542543
10.98,-0.157734581
10.99,-0.158904457
11,-0.160052356
11.01,-0.161176834
11.02,-0.162278619
11.03,-0.163353603
11.04,-0.164404565
11.05,-0.165429233
11.06,-0.166426902
11.07,-0.167396171
11.08,-0.168337581
11.09,-0.169248698
11.1,-0.170128986
11.11,-0.170977135
11.12,-0.171792719
11.13,-0.172573657
11.14,-0.173319102
11.15,-0.17402728
11.16,-0.174696213
11.17,-0.175325038
11.18,-0.175912388
11.19,-0.176456777
11.2,-0.176957767
11.21,-0.177413223
11.22,-0.177822913
11.23,-0.178185598
11.24,-0.178500592
11.25,-0.178767753
11.26,-0.178985644
11.27,-0.179154127
11.28,-0.179273106
11.29,-0.179341375
11.3,-0.179358798
11.31,-0.179325481
11.32,-0.179241064
11.33,-0.17910518
11.34,-0.178917037
11.35,-0.178677686
11.36,-0.178385259
11.37,-0.178040851
11.38,-0.177643963
11.39,-0.177194801
11.4,-0.176692501
11.41,-0.175945264
11.42,-0.174804934
11.43,-0.173548094
11.44,-0.172265441
11.45,-0.170960898
11.46,-0.169636276
11.47,-0.168295932
11.48,-0.166942326
11.49,-0.165579333
11.5,-0.164210233
11.51,-0.162839484
11.52,-0.161469839
11.53,-0.160106632
11.54,-0.158753885
11.55,-0.157415565
11.56,-0.156096325
11.57,-0.154800183
11.58,-0.153532175
11.59,-0.152296537
11.6,-0.151097883
11.61,-0.149939423
11.62,-0.148826691
11.63,-0.147762056
11.64,-0.146899181
12.64,0.000604037
13.64,0.001207822
14.64,0.001811294
15.64,0.002414514
16.64,0.003074717
17.64,0.003677372
18.64,0.004337448
19.64,0.004996723
20.64,0.005656625
21.64,0.006373832
22.64,0.007090954
23.64,0.007807928
24.64,0.008527146
25.64,0.009246874
26.64,0.010027707
27.64,0.010809686
28.64,0.011597624
29.64,0.012387274
30.64,0.013185078
31.64,0.013985303
32.64,0.014795962
33.64,0.015562703
34.64,0.016390173
35.64,0.017232637
36.64,0.018036383
37.64,0.018846265
38.64,0.019620935
39.64,0.020402677
40.64,0.021207536
41.64,0.021965441
42.64,0.022676525
43.64,0.02341484
44.64,0.02416148
45.64,0.024885011
46.64,0.025542637
47.64,0.026180091
48.64,0.026827474
49.64,0.027484029
50.64,0.028098542
51.64,0.028671901
52.64,0.029225694
53.64,0.029767148
54.64,0.030287331
55.64,0.030845919
56.64,0.031333237
57.64,0.031827878
58.64,0.032296179
59.64,0.032803869
60.64,0.033237709
61.64,0.03367732
62.64,0.034122519
63.64,0.034573053
64.64,0.035028718
65.64,0.035489331
66.64,0.035916673
67.64,0.036386016
68.64,0.036859738
69.64,0.037298254
70.64,0.03777964
71.64,0.038224054
72.64,0.038754019
73.64,0.039247313
74.64,0.03974581
75.64,0.040288292
76.64,0.040795871
77.64,0.041350677
78.64,0.041829769
79.64,0.042357512
80.64,0.04293501
81.64,0.043474341
82.64,0.044028229
83.64,0.04450874
84.64,0.045041949
85.64,0.045549029
86.64,0.046111407
87.64,0.046603165
88.64,0.047104155
89.64,0.047582984
90.64,0.047992852
91.64,0.04846197
92.64,0.048863514
93.64,0.049248155
94.64,0.04964509
95.64,0.05000323
96.64,0.050346621
97.64,0.050650619
98.64,0.050941798
99.64,0.051193236
100.64,0.051434027
101.64,0.051656322
102.64,0.051868615
103.64,0.052039282
104.64,0.052167341
105.64,0.052306148
106.64,0.052437984
107.64,0.052543926
108.64,0.052659854
109.64,0.05273049
110.64,0.052825178
111.64,0.052858297
112.64,0.052956177
113.64,0.052963945
114.64,0.053034961
115.64,0.053113469
116.64,0.053143105
117.64,0.053179853
118.64,0.053280347
119.64,0.05333144
120.64,0.053397545
121.64,0.053462088
122.64,0.053533636
123.64,0.053618187
124.64,0.053702964
125.64,0.053794621
126.64,0.05389304
127.64,0.053994845
128.64,0.054107481
129.64,0.05416741
130.64,0.054292519
131.64,0.054368228
132.64,0.05445181
133.64,0.054544581
134.64,0.054589204
135.64,0.054643064
136.64,0.054709024
137.64,0.054728436
138.64,0.054758583
139.64,0.054799371
140.64,0.054736912
141.64,0.054749387
142.64,0.054652861
143.64,0.054576403
144.64,0.054503251
145.64,0.054395649
146.64,0.054233918
147.64,0.05408427
148.64,0.053891124
149.64,0.053641182
150.64,0.053402873
151.64,0.053176347
152.64,0.052890479
153.64,0.05261557
154.64,0.052297265
155.64,0.051972138
156.64,0.05158409
157.64,0.0512795
158.64,0.050890633
159.64,0.050510344
160.64,0.050138868
161.64,0.049753528
162.64,0.049352567
163.64,0.04898238
164.64,0.048595544
165.64,0.048190544
166.64,0.047791465
167.64,0.047398499
168.64,0.04701187
169.64,0.046654335
170.64,0.046251651
171.64,0.045904204
172.64,0.045561858
173.64,0.045175595
174.64,0.044843946
175.64,0.044517722
176.64,0.044165825
177.64,0.043802447
178.64,0.043492833
179.64,0.043156281
180.64,0.042811288
181.64,0.042473156
182.64,0.042107623
183.64,0.04174813
184.64,0.041430452
185.64,0.041039685
186.64,0.040656345
187.64,0.040280706
188.64,0.039832053
189.64,0.039429973
190.64,0.038958954
191.64,0.03853506
192.64,0.038038895
193.64,0.037551814
194.64,0.037032562
195.64,0.036521848
196.64,0.035939206
197.64,0.035365973
198.64,0.034795367
199.64,0.034151971
200.64,0.033552414
201.64,0.032925583
202.64,0.032249959
203.64,0.031593824
204.64,0.030885304
205.64,0.030214981
206.64,0.029518684
207.64,0.028811686
208.64,0.028109998
209.64,0.027394211
210.64,0.026682372
211.64,0.026003171
212.64,0.025277335
213.64,0.02455439
214.64,0.023861669
215.64,0.023171256
216.64,0.022458507
217.64,0.021798277
218.64,0.021113994
219.64,0.020457021
220.64,0.019799887
221.64,0.019170485
222.64,0.01856665
223.64,0.017911618
224.64,0.017309394
225.64,0.016731465
226.64,0.016130914
227.64,0.015501616
228.64,0.014925371
229.64,0.014327263
230.64,0.013752363
231.64,0.01317811
232.64,0.012604649
233.64,0.012031872
234.64,0.01140662
235.64,0.010835542
236.64,0.010211771
237.64,0.009588836
238.64,0.008966906
239.64,0.008310569
240.64,0.007635984
241.64,0.006980467
242.64,0.006307465
243.64,0.005598416
244.64,0.004889683
245.64,0.004198889
246.64,0.003454679
247.64,0.002712562
248.64,0.001974548
249.64,0.001276525
250.64,0.000686663
251.64,0.000739331
252.64,0.001383466
253.64,0.002122352
254.64,0.002883752
255.64,0.003662639
256.64,0.004451792
257.64,0.005250165
258.64,0.00604844
259.64,0.006846483
260.64,0.007655126
261.64,0.00841975
262.64,0.009186076
263.64,0.009953524
264.64,0.010735927
265.64,0.011464916
266.64,0.012211568
267.64,0.012906356
268.64,0.013604012
269.64,0.014304083
270.64,0.014971521
271.64,0.015642569
272.64,0.01626353
273.64,0.01686615
274.64,0.017492753
275.64,0.018145138
276.64,0.018725386
277.64,0.019308238
278.64,0.01989352
279.64,0.020429713
280.64,0.021019417
281.64,0.021560177
282.64,0.022103087
283.64,0.022647945
284.64,0.023194648
285.64,0.023743019
286.64,0.024292928
287.64,0.024844197
288.64,0.025396802
289.64,0.025980856
290.64,0.026536114
291.64,0.027123381
292.64,0.027664371
293.64,0.028286891
294.64,0.028879254
295.64,0.029505523
296.64,0.030086945
297.64,0.030704279
298.64,0.03137072
299.64,0.031993589
300.64,0.032608765
301.64,0.033272986
302.64,0.033895753
303.64,0.034478071
304.64,0.035101665
305.64,0.035730251
306.64,0.036401729
307.64,0.036955497
308.64,0.037596276
309.64,0.038120607
310.64,0.038732507
311.64,0.039270497
312.64,0.039816536
313.64,0.040370361
314.64,0.040893351
315.64,0.041381511
316.64,0.041883232
317.64,0.042313246
318.64,0.04275215
319.64,0.043199644
320.64,0.043620957
321.64,0.044005358
322.64,0.044364745
323.64,0.044718653
324.64,0.045047492
325.64,0.045353111
326.64,0.045698198
327.64,0.045972193
328.64,0.046283279
329.64,0.046572196
330.64,0.046818731
331.64,0.047072031
332.64,0.047331945
333.64,0.04759838
334.64,0.047820029
335.64,0.048098879
336.64,0.048332178
337.64,0.048570996
338.64,0.048815262
339.64,0.049064833
340.64,0.049319673
341.64,0.04955795
342.64,0.049876881
343.64,0.050127112
344.64,0.050403406
345.64,0.05066497
346.64,0.050932371
347.64,0.051187229
348.64,0.051448923
349.64,0.051717296
350.64,0.051992254
351.64,0.052273735
352.64,0.05254641
353.64,0.052756765
354.64,0.052989312
355.64,0.053271493
356.64,0.053438023
357.64,0.053669867
358.64,0.053854811
359.64,0.054048794
360.64,0.054185827
361.64,0.054332854
362.64,0.054489903
363.64,0.054592978
364.64,0.054713417
365.64,0.054780961
366.64,0.054802288
367.64,0.054834322
368.64,0.054877092
369.64,0.054875462
370.64,0.0548242
371.64,0.054783489
372.64,0.054753332
373.64,0.054675605
374.64,0.054549659
375.64,0.054432963
376.64,0.054325496
377.64,0.054223488
378.64,0.054076801
379.64,0.053934318
380.64,0.053737144
381.64,0.053610353
382.64,0.053427718
383.64,0.053252178
384.64,0.053083809
385.64,0.052913485
386.64,0.052749182
387.64,0.052590937
388.64,0.052382628
389.64,0.052236825
390.64,0.052041227
391.64,0.051895233
392.64,0.051712026
393.64,0.051577054
394.64,0.051406361
395.64,0.051227316
396.64,0.051124649
397.64,0.050957266
398.64,0.050757744
399.64,0.050602488
400.64,0.050416945
401.64,0.050274161
402.64,0.050102774
403.64,0.049885375
404.64,0.049708844
405.64,0.049507101
406.64,0.049238771
407.64,0.049053519
408.64,0.048748874
409.64,0.048504845
410.64,0.048217211
411.64,0.047938418
412.64,0.047591559
413.64,0.047280145
414.64,0.046923615
415.64,0.046553023
416.64,0.046163353
417.64,0.045782442
418.64,0.045380079
419.64,0.04493734
420.64,0.044471962
421.64,0.044014299
422.64,0.043531996
423.64,0.043056756
424.64,0.042508624
425.64,0.04201357
426.64,0.041489968
427.64,0.04097215
428.64,0.040460219
429.64,0.039917845
430.64,0.039343753
431.64,0.038811688
432.64,0.038252313
433.64,0.03773462
434.64,0.03718234
435.64,0.036633622
436.64,0.036088701
437.64,0.03558872
438.64,0.035051651
439.64,0.034557866
440.64,0.034026548
441.64,0.03353778
442.64,0.033011917
443.64,0.032528159
444.64,0.032008251
445.64,0.031529887
446.64,0.031011148
447.64,0.030537907
448.64,0.030023896
449.64,0.02955622
450.64,0.029047334
451.64,0.028549954
452.64,0.028047166
453.64,0.027501814
454.64,0.026970145
455.64,0.026476556
456.64,0.025939805
457.64,0.025372955
458.64,0.0247629
459.64,0.024235868
460.64,0.023633007
461.64,0.023016522
462.64,0.02242105
463.64,0.021761589
464.64,0.021153768
465.64,0.020470914
466.64,0.019819955
467.64,0.019149056
468.64,0.01845284
469.64,0.0177351
470.64,0.017018932
471.64,0.016330117
472.64,0.015565534
473.64,0.014904063
474.64,0.0141667
475.64,0.013403049
476.64,0.012716146
477.64,0.011977969
478.64,0.011240152
479.64,0.010528091
480.64,0.009843266
481.64,0.009134337
482.64,0.008482644
483.64,0.007808152
484.64,0.007217974
485.64,0.006621267
486.64,0.006042491
487.64,0.005529717
488.64,0.005002448
489.64,0.004596574
490.64,0.004242678
491.64,0.0039547
492.64,0.003803063
493.64,0.003698292
494.64,0.003737005
495.64,0.003864075
496.64,0.004065777
497.64,0.004356871
498.64,0.004680764
499.64,0.005092218
500.64,0.005488694
501.64,0.005911822
502.64,0.006394549
503.64,0.006890413
504.64,0.007361815
505.64,0.007877934
506.64,0.008400578
507.64,0.008959599
508.64,0.009540065
509.64,0.010104932
510.64,0.01069292
511.64,0.011289275
512.64,0.011908846
513.64,0.012556481
514.64,0.01320448
515.64,0.013852674
516.64,0.014526943
517.64,0.015149996
518.64,0.015823733
519.64,0.016523149
520.64,0.017248499
521.64,0.017923043
522.64,0.018648493
523.64,0.019323204
524.64,0.020025328
525.64,0.020755812
526.64,0.021437623
527.64,0.022120951
528.64,0.022805699
529.64,0.023472265
530.64,0.024141346
531.64,0.024812741
532.64,0.025469486
533.64,0.026050304
534.64,0.026713796
535.64,0.027333419
536.64,0.027910226
537.64,0.028491164
538.64,0.029075914
539.64,0.029619115
540.64,0.030166509
541.64,0.03071785
542.64,0.031192197
543.64,0.031707264
544.64,0.032226471
545.64,0.032668781
546.64,0.033153532
547.64,0.033603438
548.64,0.034096498
549.64,0.034553406
550.64,0.035013495
551.64,0.035436369
552.64,0.03586287
553.64,0.036332106
554.64,0.036765038
555.64,0.037201198
556.64,0.037640463
557.64,0.038082709
558.64,0.038490563
559.64,0.038982662
560.64,0.039433872
561.64,0.039896078
562.64,0.040317297
563.64,0.040786794
564.64,0.041259952
565.64,0.041736584
566.64,0.042182727
567.64,0.042632913
568.64,0.043087102
569.64,0.043559977
570.64,0.043990514
571.64,0.044473472
572.64,0.044882344
573.64,0.045345074
574.64,0.045783763
575.64,0.046179787
576.64,0.046631269
577.64,0.047011114
578.64,0.047370303
579.64,0.047763831
580.64,0.048137642
581.64,0.048493411
582.64,0.048805962
583.64,0.049126143
584.64,0.049453879
585.64,0.049713673
586.64,0.04998144
587.64,0.050235625
588.64,0.050466149
589.64,0.050683688
590.64,0.050855641
591.64,0.051089424
592.64,0.051222522
593.64,0.051417339
594.64,0.051548139
595.64,0.051703175
596.64,0.05180996
597.64,0.051978597
598.64,0.052028908
599.64,0.05215565
600.64,0.052288778
601.64,0.052372215
602.64,0.052461612
603.64,0.052556979
604.64,0.052658287